Timestamp,Price,Volume,FullyDilluted,CirculatingSupply
1493337600,5.075479984283447,13852.2998046875,0.0,0.0
1493424000,1.6595100164413452,2314.409912109375,0.0,0.0
1493510400,1.6264599561691284,3374.820068359375,0.0,0.0
1493596800,1.848080039024353,1314.0699462890625,0.0,0.0
1493683200,1.4092400074005127,1269.4599609375,0.0,0.0
1493769600,2.831510066986084,5577.330078125,0.0,0.0
1493856000,3.229180097579956,7060.93994140625,0.0,0.0
1493942400,3.110919952392578,4879.7001953125,0.0,0.0
1494028800,2.6839599609375,3223.699951171875,0.0,0.0
1494115200,3.193419933319092,7502.18017578125,0.0,0.0
1494201600,2.4995100498199463,4653.419921875,0.0,0.0
1494288000,2.475250005722046,2018.5899658203125,0.0,0.0
1494374400,2.3033699989318848,2465.0400390625,0.0,0.0
1494460800,1.7268099784851074,1594.449951171875,0.0,0.0
1494547200,1.4611799716949463,2393.429931640625,0.0,0.0
1494633600,1.1918599605560303,1546.7900390625,0.0,0.0
1494720000,1.30663001537323,3103.570068359375,0.0,0.0
1494806400,1.0995399951934814,781.3480224609375,0.0,0.0
1494892800,1.0585399866104126,539.8159790039062,0.0,0.0
1494979200,1.0354399681091309,2798.969970703125,0.0,0.0
1495065600,0.9611709713935852,1821.1800537109375,0.0,0.0
1495152000,1.159019947052002,1558.7099609375,0.0,0.0
1495238400,1.0233399868011475,2099.080078125,0.0,0.0
1495324800,0.9124360084533691,1235.4300537109375,0.0,0.0
1495411200,1.6246600151062012,2405.8701171875,0.0,0.0
1495497600,1.1520800590515137,2143.889892578125,0.0,0.0
1495584000,1.7078900337219238,879.7269897460938,0.0,0.0
1495670400,1.181089997291565,1021.6300048828125,0.0,0.0
1495756800,1.649940013885498,6651.2099609375,0.0,0.0
1495843200,1.2657999992370605,1104.0899658203125,0.0,0.0
1495929600,1.372920036315918,16720.30078125,0.0,0.0
1496016000,1.2017500400543213,22318.5,0.0,0.0
1496102400,1.0936299562454224,15370.2998046875,0.0,0.0
1496188800,1.0347700119018555,29656.30078125,0.0,0.0
1496275200,1.0382000207901,24858.599609375,0.0,0.0
1496361600,1.0748499631881714,18213.30078125,0.0,0.0
1496448000,1.3502800464630127,10907.400390625,0.0,0.0
1496534400,1.2637900114059448,6801.5498046875,0.0,0.0
1496620800,1.359529972076416,6769.75,0.0,0.0
1496707200,1.5762499570846558,4771.5,0.0,0.0
1496793600,1.4189499616622925,8734.8701171875,0.0,0.0
1496880000,1.8118300437927246,11619.2998046875,0.0,0.0
1496966400,1.5438300371170044,3594.43994140625,0.0,0.0
1497052800,1.6476399898529053,2216.260009765625,0.0,0.0
1497139200,1.4951800107955933,2608.929931640625,0.0,0.0
1497225600,1.2986899614334106,4820.85986328125,0.0,0.0
1497312000,1.2059400081634521,3797.949951171875,0.0,0.0
1497398400,1.400589942932129,8431.33984375,0.0,0.0
1497484800,1.0784800052642822,8201.4599609375,0.0,0.0
1497571200,1.11326003074646,8098.08984375,0.0,0.0
1497657600,1.1094900369644165,8108.5400390625,0.0,0.0
1497744000,1.1016499996185303,7952.97998046875,0.0,0.0
1497830400,1.1012200117111206,5844.1298828125,0.0,0.0
1497916800,1.0062999725341797,10322.0,132760.496376,48.776905869928
1498003200,1.0676499605178833,10793.5,142509.27831,52.99515573491
1498089600,1.1241300106048584,11329.5,152184.152468,56.251790801012
1498176000,1.4851100444793701,5200.81005859375,203615.469027,74.179290229398
1498262400,1.6457500457763672,3128.3798828125,227923.563038,87.369884708361
1498348800,1.2673200368881226,2247.7099609375,175513.954069,67.781448344622
1498435200,1.2457200288772583,3156.2099609375,172522.522222,69.609040169833
1498521600,1.2282999753952026,1686.469970703125,170109.987835,66.645768262751
1498608000,1.2566100358963013,2489.110107421875,174030.702445,67.590250050828
1498694400,2.489370107650757,29263.900390625,344758.365559,135.767983730372
1498780800,2.97094988822937,15517.2001953125,411453.446518,165.852466120174
1498867200,1.8086999654769897,27295.30078125,250490.869492,102.890006171779
1498953600,1.805150032043457,3824.659912109375,249999.222128,99.741558919488
1499040000,1.568019986152649,6451.43994140625,217158.563156,84.693243581899
1499126400,1.615380048751831,2256.669921875,223717.554464,85.9909762778
1499212800,2.7829699516296387,18960.5,385419.679919,148.124966441048
1499299200,1.9786100387573242,7666.0400390625,274022.081763,105.047258130596
1499385600,2.811739921569824,3679.06005859375,389404.100948,154.607654293018
1499472000,2.599299907684326,7763.080078125,359982.814767,139.998134168829
1499558400,3.186690092086792,8538.150390625,441331.757008,175.240135630796
1499644800,2.3912599086761475,20189.099609375,331170.894333,139.583777037741
1499731200,2.5476601123809814,9724.7197265625,352831.076778,150.925049180422
1499817600,2.7415599822998047,20658.900390625,379684.717291,158.27846098059
1499904000,2.0399200916290283,11355.7998046875,282513.039472,119.81553544823
1499990400,2.2202401161193848,10459.7998046875,307485.955703,137.679862306329
1500076800,1.5467900037765503,5695.47998046875,585488.950855,292.911437042906
1500163200,1.4765299558639526,7538.68017578125,558935.778187,289.63105047954
1500249600,1.8636900186538696,2934.6201171875,705499.800501,316.593368647659
1500336000,2.372960090637207,6985.35986328125,898306.207984,387.387986048285
1500422400,2.0558300018310547,9223.9501953125,778279.380563,342.337087158777
1500508800,2.0100901126861572,12244.099609375,760969.80559,270.077292520595
1500595200,1.87021005153656,23286.5,515754.250104,193.328578416388
1500681600,1.697450041770935,12470.599609375,475206.634229,169.105452558612
1500768000,1.6492500305175781,8113.259765625,468649.483918,171.641334854945
1500854400,1.7783000469207764,11144.7001953125,510476.387263,185.300293655987
1500940800,1.5707499980926514,3545.8798828125,466245.771401,180.962310858002
1501027200,1.2583999633789062,11999.7998046875,377845.322294,149.378453792459
1501113600,1.5201200246810913,6957.240234375,457845.408355,171.363436967159
1501200000,1.2631700038909912,2158.14990234375,380643.460656,135.508047020629
1501286400,1.4711999893188477,3104.8701171875,450235.543298,165.13618493996
1501372800,1.5566699504852295,7405.58984375,499900.99803,181.308804807861
1501459200,1.460919976234436,14927.0,474740.190655,165.107491881311
1501545600,1.2957600355148315,3006.25,423614.250461,155.840224619988
1501632000,1.4825799465179443,9453.98046875,494001.912602,182.243477410747
1501718400,2.274019956588745,32296.900390625,763810.171476,272.329306683771
1501804800,2.385849952697754,15628.2001953125,808281.554528,279.113358815487
1501891200,2.278179883956909,76644.703125,798577.581531,245.496371918585
1501977600,2.210319995880127,7733.39013671875,782602.423556,243.50250387716
1502064000,1.832170009613037,21800.19921875,665554.824096,196.971486964776
1502150400,1.9465399980545044,8946.9599609375,718999.996274,210.237608881027
1502236800,2.0754599571228027,18034.099609375,774728.801501,231.783324395626
1502323200,2.166599988937378,16254.400390625,820707.161004,242.720849307551
1502409600,2.4203999042510986,19206.80078125,947840.778278,259.638293662048
1502496000,2.4160799980163574,20721.0,1022100.8139,263.108655060387
1502582400,2.3937699794769287,8336.23046875,1044146.27218,256.341669822635
1502668800,2.474940061569214,8016.669921875,1087933.91099,251.537858913002
1502755200,2.437350034713745,10296.5,1086069.39471,259.705291493492
1502841600,2.330620050430298,10113.2001953125,1047946.05235,239.441323732108
1502928000,2.4796600341796875,7416.93994140625,1121397.97969,258.882328957529
1503014400,2.427799940109253,11797.099609375,1104805.28551,265.538610842413
1503100800,2.5976500511169434,17974.19921875,1188758.22911,283.462854509866
1503187200,2.6438100337982178,20269.69921875,1443695.8033,353.183932928503
1503273600,2.365570068359375,39739.0,1409098.3867,352.121424926339
1503360000,2.3192200660705566,10816.099609375,1389803.9217,338.933577672069
1503446400,2.186660051345825,21384.19921875,1328540.82127,320.013107022365
1503532800,2.2123401165008545,16876.900390625,1349352.02584,311.29217617025
1503619200,2.3443500995635986,26629.80078125,1438295.35728,329.008903878009
1503705600,2.2149899005889893,14713.7998046875,1388298.00553,318.972988969244
1503792000,2.2133901119232178,89018.296875,1416265.36117,323.135792057581
1503878400,2.4174399375915527,16791.599609375,1552006.08676,354.124215058901
1503964800,2.306920051574707,9506.8603515625,1498728.48332,327.303326428267
1504051200,2.3968400955200195,27051.30078125,1561802.26624,342.102891788925
1504137600,2.569149971008301,31017.400390625,1679767.43778,357.139720297896
1504224000,2.829080104827881,31271.5,1862974.69092,380.819904521202
1504310400,2.7531800270080566,66608.203125,1831536.65484,400.006256369588
1504396800,3.023590087890625,42585.80078125,2034816.15212,443.996057180351
1504483200,3.267080068588257,65662.796875,2208392.02565,521.300847670551
1504569600,3.8116800785064697,64817.3984375,1714070.39199,391.650571785956
1504656000,4.455120086669922,77798.5,2026035.63319,440.718445892045
1504742400,4.630320072174072,33220.8984375,2117415.30082,460.319694033811
1504828800,4.293290138244629,32156.69921875,1971702.09853,466.261211589324
1504915200,5.163519859313965,60026.69921875,2381184.33993,563.45255534126
1505001600,5.015890121459961,57962.0,2322077.13728,563.209061953655
1505088000,5.4269700050354,36856.0,2521043.97026,605.835227973478
1505174400,7.347780227661133,256250.0,3430034.18752,830.353886839932
1505260800,8.736590385437012,137298.0,7661149.68382,1973.205904016327
1505347200,6.1020002365112305,116628.0,5362102.5746,1699.584036612612
1505433600,6.961450099945068,105353.0,6130806.17464,1685.435720477777
1505520000,6.244200229644775,61843.6015625,5516690.63885,1521.828884732039
1505606400,6.262509822845459,44110.3984375,5553385.6298,1549.97817673956
1505692800,5.696340084075928,84248.203125,5220628.04381,1284.224172872154
1505779200,5.091899871826172,91518.796875,4709728.96608,1199.940127407807
1505865600,4.828400135040283,51591.5,4487527.04544,1148.895173585391
1505952000,4.799149990081787,35392.19921875,4475587.60623,1232.591092169815
1506038400,4.821149826049805,19797.0,4512375.22267,1242.838924597262
1506124800,5.075139999389648,45694.30078125,4760826.45154,1255.359817652951
1506211200,5.2215800285339355,50812.1015625,4910602.86925,1333.373905401295
1506297600,5.419149875640869,32927.30078125,5131626.9245,1307.064528726781
1506384000,5.3755202293396,26036.400390625,5249997.80592,1348.798970385817
1506470400,5.965250015258789,31952.30078125,5840159.38058,1390.292379414712
1506556800,5.806079864501953,22405.69921875,5699722.16805,1365.291214946321
1506643200,5.577300071716309,40717.19921875,5489529.54966,1318.625384865262
1506729600,6.030610084533691,36277.19921875,5950435.47471,1371.475744852049
1506816000,6.082779884338379,59559.0,6014348.98564,1365.736548224984
1506902400,6.531620025634766,78391.296875,6672428.64805,1513.255766228616
1506988800,6.347499847412109,47237.69921875,6506012.54359,1506.900454517957
1507075200,5.956900119781494,58290.1015625,6118352.02358,1446.637841757418
1507161600,5.319819927215576,38584.30078125,5474905.38703,1264.876753986488
1507248000,5.910699844360352,22737.69921875,6099873.28722,1395.593312428152
1507334400,6.112820148468018,32012.900390625,6320561.3654,1427.765580781993
1507420800,6.428969860076904,74691.296875,6663318.37653,1445.254811962587
1507507200,4.864540100097656,35597.1015625,5051548.17865,1058.576485233492
1507593600,5.688509941101074,56988.19921875,5920919.07417,1238.17046573676
1507680000,5.8024702072143555,123335.0,6231358.97068,1291.077347206154
1507766400,6.47435998916626,111134.0,6973648.57556,1280.294401337534
1507852800,6.1782097816467285,23303.30078125,6672099.8298,1181.486057351864
1507939200,5.840219974517822,45883.6015625,6338058.54105,1086.811853166189
1508025600,5.92303991317749,60930.5,6442892.74924,1134.673692903331
1508112000,5.403629779815674,24073.30078125,6252365.08251,1092.003663309965
1508198400,5.401949882507324,60023.5,6275934.59099,1119.601044958592
1508284800,5.6086602210998535,27170.0,6527508.53124,1167.567616394669
1508371200,5.815149784088135,32055.19921875,6783551.4162,1188.320509282577
1508457600,5.650619983673096,35449.0,6576916.1587,1094.064817368868
1508544000,5.99045991897583,41286.6015625,6987225.96339,1158.436542113318
1508630400,6.585209846496582,99542.5,7794917.93639,1297.332416882607
1508716800,5.974090099334717,79565.796875,7430170.94908,1252.912349928878
1508803200,6.612880229949951,112841.0,8270136.94688,1496.413145269261
1508889600,8.540430068969727,132872.0,10718104.4995,1863.758931862843
1508976000,9.78512954711914,345892.0,12341424.8692,2090.055887812999
1509062400,8.623259544372559,267383.0,10958118.9917,1895.573210610568
1509148800,8.95499038696289,213241.0,11455505.8359,1991.191889840741
1509235200,8.1572904586792,375874.0,10522475.3764,1709.901152809084
1509321600,6.383190155029297,348378.0,9682354.05758,1579.366611853827
1509408000,6.433290004730225,202688.0,9799057.48663,1514.912131668682
1509494400,6.531350135803223,60078.6015625,9968491.8433,1473.036074830637
1509580800,5.461359977722168,187600.0,8349167.99754,1179.510912656055
1509667200,6.556670188903809,71724.5,19930381.4645,2765.128433566081
1509753600,8.924229621887207,290147.0,94819069.1755,12848.199061918813
1509840000,8.389450073242188,188244.0,89137084.0839,12033.501890060925
1509926400,8.309189796447754,176906.0,88284329.4494,12571.17321630939
1510012800,10.609999656677246,249895.0,112730210.22,15778.865640535054
1510099200,9.320469856262207,271190.0,99029080.3439,13275.227409768686
1510185600,10.205499649047852,1196060.0,108432437.361,15179.00494544859
1510272000,10.453399658203125,1117620.0,111066350.567,16782.109215182543
1510358400,10.272899627685547,1625650.0,109148555.756,17168.200908762235
1510444800,10.26930046081543,1570550.0,109110306.109,18337.65138089027
1510531200,14.489399909973145,2308130.0,153948455.039,23469.57607528327
1510617600,15.263500213623047,3669590.0,162173191.677,24439.316077247222
1510704000,27.057300567626953,9795290.0,287481160.885,39297.32587663108
1510790400,39.417701721191406,16475700.0,418809199.565,53204.48374720829
1510876800,34.61199951171875,9848620.0,367749108.024,47703.9270809711
1510963200,30.856800079345703,7895030.0,327850476.034,42085.25896237738
1511049600,28.895999908447266,6116720.0,307017168.192,38202.89196166866
1511136000,27.269500732421875,5793250.0,289735765.089,35330.873876441685
1511222400,26.541099548339844,5948850.0,281996586.472,34938.360887193696
1511308800,27.18429946899414,5056360.0,288830523.439,34994.702919101735
1511395200,26.411699295043945,5922900.0,280621724.153,34908.539918790004
1511481600,29.95439910888672,7058010.0,318262564.469,38560.031686165144
1511568000,34.30630111694336,6943120.0,364501075.483,41463.3597773995
1511654400,35.17190170288086,5523180.0,373697990.654,40051.015052023096
1511740800,32.996498107910156,4643100.0,350584578.843,35707.0783560889
1511827200,32.179298400878906,4292230.0,341901908.929,33990.32842173824
1511913600,27.867799758911133,3939860.0,296092643.956,29942.796148899524
1512000000,28.34939956665039,3949000.0,301209596.759,29433.39667576435
1512086400,31.098100662231445,3773490.0,330414264.886,30104.438629668115
1512172800,28.643999099731445,2945960.0,304339692.888,27480.875487593785
1512259200,24.522899627685547,3087720.0,260553409.256,23010.58046990147
1512345600,23.037500381469727,2795910.0,244771179.825,20997.424405160036
1512432000,19.08650016784668,2938420.0,202792192.023,17017.47871955868
1512518400,17.961999893188477,2951420.0,190844489.724,13353.706029972529
1512604800,25.200899124145508,3168520.0,267757092.812,14958.748164304345
1512691200,23.359100341796875,2073200.0,248188148.308,14978.704263644695
1512777600,20.65850067138672,2384060.0,219494537.967,14461.170306382877
1512864000,19.134899139404297,1439050.0,203306437.28,13154.394717449088
1512950400,17.999000549316406,1696500.0,191237611.098,11291.247590531306
1513036800,19.265100479125977,1528820.0,204689799.52,11753.378902791585
1513123200,16.091100692749023,2170780.0,170966360.572,10419.568796567954
1513209600,18.039199829101562,3670950.0,191664732.158,11571.162288533778
1513296000,17.246700286865234,3931010.0,183244497.323,10348.76196360358
1513382400,20.92020034790039,4529860.0,222275074.82,11400.241592084607
1513468800,19.431699752807617,3725710.0,206459908.193,10786.37778280447
1513555200,16.547000885009766,1104150.0,175810253.394,9197.887463407033
1513641600,16.358299255371094,2748740.0,173805334.387,9777.143225106738
1513728000,15.395299911499023,2955350.0,163573553.761,9839.247715658435
1513814400,15.881400108337402,3074510.0,168738318.623,10677.680330990575
1513900800,15.407999992370605,2773170.0,163708490.016,11835.660747663653
1513987200,15.530699729919434,2941380.0,165012165.491,11225.928166561047
1514073600,15.69629955291748,3040990.0,166771649.263,11975.732204728274
1514160000,16.47450065612793,3174970.0,175039947.999,12479.143398932245
1514246400,16.8656005859375,3274400.0,179195347.171,11130.284182474994
1514332800,17.66469955444336,3501510.0,187685706.359,11849.9672587145
1514419200,16.15570068359375,3087760.0,171652729.241,11751.804278603488
1514505600,20.445499420166016,4119080.0,217231433.841,14821.811310301648
1514592000,17.9955997467041,3254150.0,191201486.431,14762.085474233827
1514678400,25.128599166870117,5029730.0,266988912.397,18859.94355906281
1514764800,23.413299560546875,4503390.0,248764017.997,18214.86208317334
1514851200,24.857999801635742,5714230.0,264113813.916,17628.624881661068
1514937600,29.891799926757812,7070830.0,317597445.604,20893.194239201155
1515024000,26.42329978942871,8052890.0,280744973.017,17997.395343039545
1515110400,27.531400680541992,4484780.0,292518426.923,16782.949998818254
1515196800,27.009300231933594,4107650.0,286971165.589,16373.09098096877
1515283200,26.45509910583496,3824610.0,281082844.9,17058.482515067273
1515369600,23.334299087524414,3275850.0,247924650.739,16342.981064634088
1515456000,19.671100616455078,2709020.0,209003509.732,14319.820222599827
1515542400,23.608800888061523,2367050.0,250841186.338,16752.56553878025
1515628800,22.331100463867188,1933150.0,237265749.052,17698.738792245556
1515715200,25.030000686645508,2222730.0,265941297.06,19022.166751904166
1515801600,25.6382999420166,2224110.0,272404424.947,18969.40302271881
1515888000,25.96500015258789,2536710.0,275875580.43,20031.6279707656
1515974400,28.377599716186523,4557730.0,301509218.995,21817.191516074556
1516060800,22.423799514770508,1755950.0,238250677.468,20734.57877907913
1516147200,25.11079978942871,2095620.0,270121565.452,24142.571445344343
1516233600,28.375200271606445,2662020.0,305290795.45,26605.09329855406
1516320000,27.09160041809082,4339510.0,291527015.42,25115.616383505534
1516406400,27.403600692749023,3956790.0,294935677.98,22864.648463507187
1516492800,27.48110008239746,3459810.0,295814441.055,25501.025941394175
1516579200,21.737699508666992,3131340.0,236754521.459,21658.205991760933
1516665600,21.5575008392334,1514090.0,234831566.012,21606.819543197355
1516752000,27.180999755859375,780732.0,296138259.402,26069.884789327694
1516838400,25.631200790405273,416892.0,279299412.664,24805.886900597154
1516924800,25.239900588989258,236141.0,275079486.251,24623.545538597347
1517011200,26.133499145507812,291409.0,284866165.737,24899.36462044876
1517097600,26.454299926757812,488246.0,288411052.049,24470.0250985642
1517184000,26.14929962158203,791657.0,285133101.893,25241.058392284125
1517270400,22.765600204467773,1459140.0,251308535.683,24866.522910482778
1517356800,23.024200439453125,1700200.0,254204366.359,24870.549749009446
1517443200,22.636199951171875,1507630.0,249959603.98,27256.803080273345
1517529600,23.836299896240234,1777310.0,263253760.557,29811.03083865636
1517616000,26.694700241088867,2221760.0,294871410.543,32138.88806444724
1517702400,24.542200088500977,1534000.0,271139313.515,32758.12414958859
1517788800,19.612699508666992,1579680.0,218906775.971,31473.51222096915
1517875200,21.67569923400879,1526680.0,241971656.331,31206.0428588913
1517961600,21.136499404907227,1237070.0,235989741.156,30964.50044394122
1518048000,23.521400451660156,1187840.0,262659863.281,31777.509920527584
1518134400,24.746999740600586,1485470.0,276392428.312,31634.776942533506
1518220800,25.898799896240234,1512910.0,289303425.977,33554.484844685205
1518307200,25.499000549316406,1492170.0,284882149.418,35040.98316044586
1518393600,25.08609962463379,1731110.0,284773375.348,31901.76801822242
1518480000,24.485599517822266,1364730.0,277998986.555,32331.818741038293
1518566400,27.179100036621094,1690150.0,308626967.528,32505.42373658464
1518652800,29.072200775146484,1747350.0,330179931.78,32477.56522464784
1518739200,29.583599090576172,1492460.0,336039702.798,32835.93643914429
1518825600,31.803499221801758,1755430.0,361305308.517,32512.82785892115
1518912000,29.254499435424805,1080840.0,332403302.683,31502.04787950859
1518998400,25.557899475097656,2168230.0,295329534.763,26309.27814126149
1519084800,24.87980079650879,1563680.0,287538194.145,25214.46452989589
1519171200,21.972000122070312,1707770.0,253972574.312,23757.068488877376
1519257600,22.544300079345703,1295900.0,260629028.062,26049.877864301703
1519344000,23.766300201416016,1278100.0,274796073.756,26676.382537561138
1519430400,22.71940040588379,1174240.0,262731271.42,26773.605312190717
1519516800,22.306699752807617,1227490.0,257998397.703,26694.83629609429
1519603200,21.50429916381836,1573300.0,253145722.083,24419.122506610038
1519689600,19.906600952148438,1873840.0,234371529.763,21851.601617918004
1519776000,19.468700408935547,1759120.0,229249715.139,22047.692950128763
1519862400,20.40839958190918,1702560.0,240352015.269,21947.951353351516
1519948800,18.072399139404297,1699860.0,212872251.549,19201.205439544083
1520035200,16.50279998779297,2141600.0,194412570.207,16920.595569428628
1520121600,15.26990032196045,1486160.0,179914871.206,15627.649477804385
1520208000,12.830900192260742,1977590.0,154466176.96,13346.770549419709
1520294400,10.162300109863281,1103770.0,122357858.378,11350.555560796978
1520380800,10.060099601745605,1193970.0,121145503.556,12156.40448227416
1520467200,10.332599639892578,1428620.0,124444691.331,13245.828839618758
1520553600,11.728899955749512,1860670.0,141283235.874,15130.654055481094
1520640000,11.228599548339844,1742290.0,135276298.811,15257.872642319759
1520726400,11.169699668884277,1921540.0,134586598.452,14050.714982536725
1520812800,10.378800392150879,2008520.0,127907461.032,13895.251706603953
1520899200,10.325200080871582,1749450.0,127265226.356,13840.925278937
1520985600,9.272919654846191,1670210.0,114312158.075,13822.828342324841
1521072000,8.708029747009277,1456910.0,107363918.93,12934.071212813165
1521158400,9.063039779663086,2100490.0,111756917.52,13402.762263023546
1521244800,8.240169525146484,2333660.0,101624913.738,12836.485494507333
1521331200,7.526989936828613,2119450.0,92842062.0464,11289.600957530516
1521417600,7.49213981628418,2296720.0,94622927.849,10963.591803254132
1521504000,7.375699996948242,2475030.0,93166163.6085,10452.289226017632
1521590400,7.513120174407959,2497980.0,94914639.4187,10629.595724006664
1521676800,7.533830165863037,2428430.0,95190233.8213,10905.718503461316
1521763200,7.648200035095215,2419380.0,96648472.445,10884.302617102125
1521849600,7.397449970245361,2536130.0,93492819.6124,10785.824186439573
1521936000,7.430850028991699,2400530.0,93927764.3959,11055.813750501848
1522022400,6.545810222625732,2273800.0,84811111.8067,10330.975199066546
1522108800,6.133279800415039,2214990.0,79476822.1489,10146.35718843694
1522195200,6.169419765472412,2082100.0,79956220.4335,10051.72187627052
1522281600,5.707759857177734,2002430.0,73983108.7224,10324.616808831795
1522368000,5.519589900970459,1413520.0,71553599.3677,10384.354035735609
1522454400,5.619019985198975,1205810.0,72852330.3247,10446.98059374629
1522540800,5.316860198974609,1735260.0,68944070.3062,10073.312927860736
1522627200,5.264130115509033,1733070.0,68269726.5903,9637.44437283337
1522713600,5.064770221710205,1627030.0,67644316.8013,9072.333708454038
1522800000,4.752960205078125,1492320.0,63488250.3468,9263.165143829008
1522886400,4.734920024871826,1363140.0,63255890.4541,9286.67210578703
1522972800,4.651639938354492,1329260.0,62151659.98,9365.380456170744
1523059200,4.936339855194092,1389210.0,65964273.3257,9544.699147832825
1523145600,4.9610700607299805,1119810.0,66303685.5542,9440.235857449334
1523232000,4.615940093994141,892689.0,61699012.9371,9112.608699587821
1523318400,4.605380058288574,884084.0,63747048.4502,9326.88939908036
1523404800,4.781760215759277,789582.0,66197098.7182,9499.721652549151
1523491200,5.38355016708374,922705.0,74537972.0606,9448.042851131557
1523577600,5.249229907989502,837094.0,72687446.2951,9205.650318254391
1523664000,5.164430141448975,769156.0,71522414.0289,8955.70530047868
1523750400,6.326940059661865,944477.0,87633018.7216,10521.293989141137
1523836800,5.751150131225586,541126.0,82271510.3449,10209.068145484829
1523923200,5.757420063018799,474035.0,82370973.7447,10423.948009970485
1524009600,7.232289791107178,626847.0,103485591.559,12676.744857965967
1524096000,7.984320163726807,929819.0,114260855.597,13775.812764922613
1524182400,8.932220458984375,659588.0,127841306.43,14452.154897131804
1524268800,9.163240432739258,643972.0,131164618.017,14744.920158246889
1524355200,9.421799659729004,726370.0,134882543.777,15323.278311432796
1524441600,7.936930179595947,938691.0,117527073.527,13159.629856067255
1524528000,8.299010276794434,841551.0,122903141.219,12673.693347773931
1524614400,7.260200023651123,640330.0,107530654.635,12156.207597612243
1524700800,7.911159992218018,761446.0,117186322.426,12625.782381958123
1524787200,7.407660007476807,655860.0,109740978.484,12211.012613579189
1524873600,7.473589897155762,689727.0,110730895.801,11844.801540818891
1524960000,7.211100101470947,932701.0,106854183.784,11344.439467208234
1525046400,5.8959197998046875,927403.0,90956363.7855,9843.176621849048
1525132800,6.676750183105469,907390.0,103014434.916,11296.669004861733
1525219200,8.412249565124512,1323100.0,130277553.657,14105.53087876571
1525305600,8.3895902633667,907381.0,129940862.302,13335.66550356657
1525392000,7.663569927215576,679913.0,118709641.026,12237.1488339918
1525478400,7.770279884338379,618699.0,120376457.132,12210.856231460637
1525564800,7.068299770355225,614050.0,109513464.185,11342.903677649898
1525651200,6.524219989776611,561332.0,101094467.31,10785.699566475636
1525737600,5.982960224151611,534466.0,92717862.3663,10040.028857711897
1525824000,5.730269908905029,575682.0,88812189.1048,9523.911818323571
1525910400,5.57144021987915,512735.0,86360529.1963,9548.99359507723
1525996800,4.860899925231934,443030.0,75355332.4458,8926.78073822227
1526083200,4.740990161895752,402011.0,73504802.6554,8642.652133803183
1526169600,4.9097900390625,421458.0,76130656.3397,8726.63642264861
1526256000,4.948689937591553,711236.0,76742263.6403,8803.959177828474
1526342400,4.77200984954834,463911.0,74011225.4816,8696.583052909828
1526428800,4.594699859619141,611032.0,71269114.2552,8516.01880288968
1526515200,4.225629806518555,539768.0,65551951.5544,8098.512655771911
1526601600,4.116179943084717,405438.0,63861649.2995,7739.896201204105
1526688000,3.9525599479675293,418287.0,61330012.3915,7436.483100657254
1526774400,3.73471999168396,440651.0,57956159.0121,6807.759560428315
1526860800,3.8598599433898926,462831.0,59905224.0853,7115.488009254774
1526947200,4.109169960021973,631849.0,63782168.4902,7931.349803003253
1527033600,3.6591899394989014,372692.0,56803862.7488,7515.90592417505
1527120000,4.027870178222656,414854.0,62534510.9403,8241.95465191102
1527206400,3.9218099117279053,401458.0,60895099.8565,8140.903606991311
1527292800,3.815959930419922,326371.0,59258225.5612,8055.899030426027
1527379200,3.785520076751709,296877.0,58792406.2581,7979.18691074721
1527465600,3.5058300495147705,440442.0,54454483.3018,7630.963826837776
1527552000,3.465909957885742,288204.0,53840749.1513,7205.098941115145
1527638400,3.0712900161743164,373729.0,47716025.2306,6442.435192649188
1527724800,2.970099925994873,357896.0,46149305.4163,6158.02761977392
1527811200,3.017469882965088,377099.0,46890657.0386,6217.724161255664
1527897600,2.957279920578003,271130.0,45960533.1361,6013.061107501418
1527984000,2.877110004425049,303312.0,44719552.9991,5792.500635806581
1528070400,2.960099935531616,355355.0,46011556.8769,6123.060647081675
1528156800,2.936110019683838,330349.0,45638658.2419,5978.529532631652
1528243200,3.0719499588012695,313328.0,47764371.2703,6240.462014618536
1528329600,3.1159400939941406,335083.0,48453999.6704,6310.560515719134
1528416000,3.0267701148986816,340119.0,47072888.1529,6173.558370103404
1528502400,2.9125499725341797,261738.0,45301632.7044,6014.571571760367
1528588800,2.3746399879455566,273215.0,36939330.8369,5443.445598846638
1528675200,2.4997799396514893,568632.0,38890282.9999,5630.626018113497
1528761600,2.1832499504089355,498861.0,33969611.9563,5160.704159562167
1528848000,2.1801600456237793,336054.0,33925301.6335,5342.651407546276
1528934400,2.077899932861328,482088.0,32337658.5041,4844.338956844148
1529020800,2.1874001026153564,481671.0,34045563.9302,5273.00265555783
1529107200,2.239500045776367,437805.0,34860605.1365,5322.099659035315
1529193600,2.1787800788879395,389613.0,33919439.8803,5218.96148581879
1529280000,2.182770013809204,400543.0,33985383.2222,5046.22011309904
1529366400,2.2753100395202637,424269.0,35430240.8215,5233.464576173368
1529452800,2.321000099182129,525027.0,36145812.9686,5333.955179974625
1529539200,2.346750020980835,462958.0,36551036.9641,5431.270103732919
1529625600,2.069380044937134,379780.0,32234553.276,5298.520069031857
1529712000,2.0363199710845947,422994.0,31723188.6199,5147.795805079687
1529798400,1.9365999698638916,374726.0,30173107.4748,4887.734230543243
1529884800,1.8680200576782227,404528.0,29107845.615,4657.866272554306
1529971200,1.6951600313186646,350558.0,26417486.3943,4335.234218831219
1530057600,1.6079299449920654,343748.0,25060937.3128,4070.230410119696
1530144000,1.6164400577545166,347016.0,25196381.363,4268.084647219909
1530230400,1.6124099493026733,348240.0,25136354.9165,4042.319565322685
1530316800,1.698930025100708,81779.0,26488385.675,4136.225122321338
1530403200,1.7904200553894043,88224.703125,27918093.6013,4371.888714868556
1530489600,2.003880023956299,449685.0,31250216.3009,4724.7301236368
1530576000,1.9538600444793701,446325.0,30473587.0579,4666.998667635498
1530662400,1.8298900127410889,360104.0,28543535.2919,4326.38421228014
1530748800,1.924430012702942,388276.0,30021813.5603,4521.943037795115
1530835200,1.9917999505996704,386314.0,31076246.1154,4656.663838104209
1530921600,2.118839979171753,403418.0,33062110.0203,4821.707259397341
1531008000,2.1831700801849365,442976.0,34069905.0929,5029.599825773429
1531094400,1.9152400493621826,407372.0,29891924.6925,4433.852434748934
1531180800,1.7498699426651,402412.0,27314138.1887,4315.063676060528
1531267200,1.671489953994751,359704.0,26093595.5117,4080.497108416018
1531353600,1.6287699937820435,358148.0,25429499.0215,4082.561314717221
1531440000,1.5492899417877197,348677.0,24191337.0105,3878.02883108908
1531526400,1.6395399570465088,324972.0,25603565.526,4079.521265547921
1531612800,1.6235100030899048,327010.0,25356016.3314,3987.020616591449
1531699200,1.7236599922180176,350316.0,26923226.2061,3993.507059957089
1531785600,1.760409951210022,390506.0,27500510.6517,3756.366652694063
1531872000,1.7376500368118286,280647.0,27148035.3432,3683.197179314589
1531958400,1.6855000257492065,373342.0,26336476.4528,3527.115406678724
1532044800,1.7367899417877197,418619.0,27140867.9286,3690.561412625246
1532131200,1.8755300045013428,353446.0,29312279.2943,3950.819983274686
1532217600,1.8577699661254883,343002.0,29038148.7184,3914.293579054886
1532304000,1.8238600492477417,399007.0,28511236.8089,3697.42324260513
1532390400,1.9661600589752197,370128.0,30738867.5474,3648.846644237951
1532476800,2.0303399562835693,443334.0,31745966.8402,3880.265623825669
1532563200,1.899880051612854,421549.0,29709541.6554,3736.30666948073
1532649600,1.9966000318527222,411552.0,31225709.1653,3824.332119633606
1532736000,1.9914000034332275,419326.0,31148024.5969,3802.179293512651
1532822400,1.9947799444198608,442529.0,31204495.16,3796.87864492199
1532908800,1.93479,431518.0,30269555.6985,3700.217548794557
1532995200,1.82926,428520.0,28621352.6579,3678.629062938061
1533081600,1.76402,378946.0,27604108.8845,3620.253733206689
1533168000,1.72125,379716.0,26937870.8334,3559.843644904758
1533254400,1.62007,347510.0,25357347.3991,3410.817492036863
1533340800,1.52652,287627.0,23895849.8561,3397.747685139132
1533427200,1.52557,310510.0,23883743.8348,3378.908028770304
1533513600,1.50458,333475.0,23557835.9183,3388.739019073906
1533600000,1.41861,320274.0,22214330.1746,3289.491407194556
1533686400,1.36537,321981.0,21383052.4133,3391.01341241574
1533772800,1.45536,315202.0,22794886.7316,3470.476333620342
1533859200,1.40627,314055.0,22028618.9087,3561.786881722427
1533945600,1.47554,334133.0,23116193.8461,3671.725728757552
1534032000,1.39898,288492.0,21919246.2816,3466.759605034101
1534118400,1.23873,262150.0,19410706.7976,3082.253433961427
1534204800,1.17656,269797.0,18438468.3845,2974.085630608556
1534291200,1.20842,280229.0,18939945.3091,3002.280299944354
1534377600,1.22231,285097.0,19159782.8542,3024.561869853436
1534464000,1.27869,288786.0,20045840.3954,3046.188647333882
1534550400,1.25337,211637.0,19651138.8559,3059.133410625859
1534636800,1.27888,156394.0,20053339.0397,3082.250739713306
1534723200,1.26064,233920.0,19769629.3673,3133.793343879912
1534809600,1.30833,305049.0,20519693.4578,3162.344345779489
1534896000,1.26103,268605.0,19780155.096,3101.93737108534
1534982400,1.2719,283950.0,19952848.8522,3053.284656389317
1535068800,1.28541,283097.0,20167043.6033,3001.066025242057
1535155200,1.20959,251715.0,18979711.7279,2806.325373170567
1535241600,1.18935,261967.0,18664173.2119,2782.682236233223
1535328000,1.20983,284760.0,18987742.2238,2757.986217775984
1535414400,1.22866,332860.0,19285543.6813,2717.697685069794
1535500800,1.21052,355807.0,19003016.3297,2696.549586546718
1535587200,1.17562,314682.0,18457190.888,2644.967405429053
1535673600,1.16165,332206.0,18239913.4386,2591.787722775931
1535760000,1.16188,156733.0,18245550.8645,2536.482244414437
1535846400,1.10224,145330.0,17310952.2285,2380.258318616401
1535932800,1.07976,132687.0,16959811.4599,2336.0428849159
1536019200,1.10007,190069.0,17280825.2176,2347.408764267637
1536105600,1.04159,118741.0,16364007.9717,2409.011850991284
1536192000,0.979564,127462.0,15391372.6112,2357.324524591844
1536278400,0.982307,138698.0,15436249.2855,2386.899992004253
1536364800,0.911732,131530.0,14328749.5262,2301.444838679861
1536451200,0.888396,131018.0,13963592.515,2216.140735181842
1536537600,0.865856,161208.0,13610815.9896,2150.309807558593
1536624000,0.866274,140177.0,13618943.3231,2154.487013574724
1536710400,0.96735,169160.0,15209823.2025,2394.568967872949
1536796800,0.960306,178058.0,15100755.6234,2317.022759028947
1536883200,0.909953,171658.0,14310535.8407,2197.324288473116
1536969600,1.01131,107433.0,15906304.8331,2430.96723177272
1537056000,0.894705,108265.0,14073788.6685,2159.490561475961
1537142400,0.879525,107353.0,13836514.8629,2202.845768448877
1537228800,0.931567,137477.0,14657045.9553,2300.479647828987
1537315200,0.901581,105532.0,14186817.2881,2217.195998868064
1537401600,0.902423,114895.0,14201640.1616,2178.275914832817
1537488000,0.929619,123446.0,14631343.9095,2172.450263399625
1537574400,0.936267,125100.0,14737489.9418,2192.432871405355
1537660800,0.940352,104873.0,14803306.9835,2205.948915053324
1537747200,0.901497,106199.0,14193375.1461,2152.008007842653
1537833600,0.880318,108375.0,13861487.935,2150.244692334425
1537920000,0.877132,137414.0,13812880.8268,2126.694505565913
1538006400,0.886171,118466.0,13956797.9541,2090.358033162131
1538092800,0.880031,141289.0,13861503.7423,2086.278219271975
1538179200,0.866743,93991.3,13653849.2202,2068.15085377448
1538265600,0.854391,109302.0,13460757.3409,2031.640697656045
1538352000,0.834432,70756.8,13147788.4509,1995.227113621192
1538438400,0.819546,73871.4,12914693.365,1969.874375212734
1538524800,0.80332,88708.9,12660426.7683,1946.982167158226
1538611200,0.782461,99141.1,12333111.7852,1875.276441467923
1538697600,0.778617,92068.0,12273924.351,1853.372807675265
1538784000,0.789372,44651.1,12444854.7584,1888.929745605366
1538870400,0.795847,39320.5,12548247.1171,1900.400142321864
1538956800,0.796454,57164.5,12801395.8167,1924.376616179331
1539043200,0.837464,55336.3,13545750.56,2039.211910332472
1539129600,0.8308,53308.9,13555715.1061,2058.409134626258
1539216000,0.773879,54472.3,12628325.002,2018.516716910808
1539302400,0.781191,44841.7,12748932.7656,2031.838432063532
1539388800,0.750777,41837.4,12253868.4002,1949.393563802549
1539475200,0.745287,46054.1,12165651.0118,1933.839829645465
1539561600,0.849831,89390.7,13916174.5094,2109.61724376849
1539648000,0.822405,46886.4,13468522.194,2041.888657752162
1539734400,0.810821,36712.9,13280262.9656,2029.246705249038
1539820800,0.797941,47794.9,13110640.047,2024.274683543363
1539907200,0.791754,52114.3,13049902.8322,2018.418446869689
1539993600,0.770338,54138.7,12698155.9001,1956.816784220899
1540080000,0.735887,56619.1,12131610.5889,1871.48343413227
1540166400,0.728989,50297.9,12018942.4462,1852.727919111882
1540252800,0.741907,51320.4,12233358.4241,1889.105862024927
1540339200,0.710941,59275.9,11724024.164,1804.851135972031
1540425600,0.720727,39350.2,11886678.444,1835.414793614836
1540512000,0.721236,51659.9,11896310.5594,1837.338978453295
1540598400,0.724295,52637.3,11948061.4175,1843.728510471755
1540684800,0.72015,58779.7,11881028.5037,1831.685799170878
1540771200,0.718933,56436.4,11862253.5143,1873.195412627685
1540857600,0.702434,76405.4,11591248.1191,1829.926436501922
1540944000,0.689437,73832.1,11377984.0189,1800.995003093994
1541030400,0.672076,59221.7,11092711.5066,1739.274712069056
1541116800,0.656827,50251.9,10842126.7945,1697.147781293078
1541203200,0.654597,43188.8,10806513.2602,1698.800749741054
1541289600,0.635841,45158.2,10497995.6893,1646.452572187065
1541376000,0.641896,49282.1,10599125.6463,1651.041588923989
1541462400,0.634376,49032.9,10501941.3224,1625.43337588452
1541548800,0.637726,43677.3,10532619.3242605,1612.923973447489
1541635200,0.626999,42471.2,10356550.505122,1604.741223235485
1541721600,0.616927,41494.3,10191324.1087723,1595.980366071604
1541808000,0.602059,39233.2,9946797.80223986,1551.951382665058
1541894400,0.578883,35298.8,9564752.17970462,1491.865444409296
1541980800,0.469685,48295.4,7761320.40247549,1218.174769023272
1542067200,0.52693,51887.4,8708246.45868332,1369.330943727643
1542153600,0.433365,56312.9,7162731.52226245,1248.221445964201
1542240000,0.489533,57257.5,8091985.43720057,1432.709351286124
1542326400,0.478542,46641.9,7911054.80772964,1418.883310278214
1542412800,0.483146,46558.3,7988073.60432217,1438.170509283911
1542499200,0.489991,47092.6,8102128.63234754,1440.752383133654
1542585600,0.430864,47856.5,7125233.28868176,1462.639413968395
1542672000,0.560832,182902.0,9275467.65779117,2083.499210274173
1542758400,0.449967,45508.7,7442664.02274265,1617.207543077986
1542844800,0.406961,68358.3,6732031.82016387,1541.943269568767
1542931200,0.405522,58653.2,6708854.88067043,1543.290800740306
1543017600,0.369828,49906.4,6119028.73532292,1576.760407394414
1543104000,0.369776,71131.8,6118771.56086036,1525.889606793142
1543190400,0.331004,80696.7,5477777.15995837,1449.48101146864
1543276800,0.323852,108841.0,5360106.05822735,1402.904697056287
1543363200,0.356485,109770.0,5901016.77523717,1386.054643732072
1543449600,0.362138803726,100915.406669185,5994727.19070375,1401.01479942789
1543536000,0.341925309944,114192.227859012,5660838.7440935,1409.126324412413
1543622400,0.357927203708,134111.244520321,5926406.77729674,1406.137149890376
1543708800,0.35153443914,119080.856855829,5820998.61050218,1406.079720786764
1543795200,0.329229036114,166284.155008159,5452220.32342428,1400.112236107666
1543881600,0.333879565324,180043.544519149,5529839.84880761,1397.520392799689
1543968000,0.26797660908,145889.452954699,4438824.20249869,1182.42682623492
1544054400,0.278732190434,163413.221510708,4617259.90731501,1311.311138516869
1544140800,0.272755897109,161256.906320386,4518479.50149937,1321.21710112366
1544227200,0.273651547012,159788.09202045,4533672.60224003,1304.235617997425
1544313600,0.286025156942,164802.507042592,4738974.94517249,1311.197507819326
1544400000,0.285024347338,150337.525212724,4722909.75288284,1348.37956340081
1544486400,0.276901760939,154775.199104422,4588819.64108262,1339.962510079709
1544572800,0.28875591494,161562.304998135,4785727.04120841,1372.46786694469
1544659200,0.273216034154,158845.141300333,4528686.5911405,1366.664954494722
1544745600,0.267738552737,157466.220554359,4438344.01260997,1368.809518283651
1544832000,0.331549585213,188496.138017917,5496761.84298668,1698.228793208257
1544918400,0.313435992797,163450.75968529,5197017.76842138,1597.686736108294
1545004800,0.302208110647,166661.558199855,5011422.86904228,1413.31472232605
1545091200,0.303448519695,158630.877865248,5032518.4787672,1361.590363663338
1545177600,0.297059450059,152167.014654237,4927083.9335706,1315.309318454669
1545264000,0.326233233123,167817.546614085,5411522.4242814,1308.888476986865
1545350400,0.312577738129,155138.574646353,5185581.85359534,1330.815770461925
1545436800,0.311079464822,161143.965624968,5161256.67575811,1285.755351799376
1545523200,0.383969395692,171255.970502761,6371304.02843945,1593.232145020175
1545609600,0.891619153923,266547.455413037,14796423.2346887,3627.819870962494
1545696000,0.83202173157,192587.401936253,13808615.4167737,3619.093017063554
1545782400,0.592476584932,123570.123464336,9834065.60980625,2549.470344645354
1545868800,0.591266720997,168919.457843067,9815039.04540727,2685.495513585997
1545955200,0.437080240927,124580.703657765,7256312.20318959,1849.251468621017
1546041600,0.466125872961,156941.195172958,7739319.78299939,2025.783220517616
1546128000,0.413953564784,88828.8995697957,6873813.05393704,1778.038635093676
1546214400,0.367195267182,148696.978496574,6098043.02677081,1629.316396433097
1546300800,0.332488719705,144494.934599591,5522249.25775952,1436.768712171992
1546387200,0.525978717682,174673.781144037,8736837.22855517,2215.55422109765
1546473600,0.464750108745,135521.961789161,7720677.46433721,2012.300756066784
1546560000,0.463232703992,149726.474991145,7696326.50521716,1995.046615911417
1546646400,0.378933564525,105030.739830187,6296421.93518492,1637.478148768443
1546732800,0.389461221844,144049.77216648,6471998.6861779,1587.58445640483
1546819200,0.378852093916,164413.379333673,6296446.2807446,1564.237987949797
1546905600,0.376565769378,158346.398415137,6259042.29053235,1552.785495104373
1546992000,0.484233879929,179077.000569994,8049513.9262714,1994.776397403027
1547078400,0.347316406924,144066.500447577,5774131.15310259,1569.516005404666
1547164800,0.306962300248,145670.790554278,5103801.93580785,1384.13236608218
1547251200,0.422289928569,203726.407487871,7022056.2741214,1917.912859343069
1547337600,0.414699406537,173948.723829381,6896564.15107259,1941.079440090403
1547424000,0.370709743057,151951.432260044,6165653.95916802,1663.671639082286
1547510400,0.435936395246,181490.316008741,7251310.43216215,1997.234664333761
1547596800,0.418980469338,128828.360019028,6970031.05192754,1906.981640730387
1547683200,0.417921326142,158154.933120425,6953149.36172326,1890.180353913504
1547769600,0.431456562708,147552.437918948,7179099.06475108,1962.661069484079
1547856000,0.416723673909,126245.992856956,6934695.02603364,1859.881422779428
1547942400,0.391085917513,132360.106095019,6508746.63419442,1807.476272592865
1548028800,0.358803788728,142030.140742441,5972132.32375503,1670.044228806865
1548115200,0.378083830743,142933.244575855,6293714.8441487,1746.034211121115
1548201600,0.279147989615,132529.478287875,4647252.42617301,1296.260221152286
1548288000,0.291007876377,163961.718004762,4845206.76108572,1345.56727549067
1548374400,0.277579190826,156951.862745076,4622162.98581922,1284.017657887652
1548460800,0.252478906914,137250.670050455,4204615.03059204,1167.150930035403
1548547200,0.243455623269,158682.824252444,4054783.23046617,1131.367732090008
1548633600,0.260017216849,150199.304249468,4331042.75188372,1247.977092701003
1548720000,0.226782881462,136405.004102969,3777867.02190865,1095.631901272594
1548806400,0.266330657506,182713.125540947,4437121.35006695,1272.773963058011
1548892800,0.254899096626,152451.006396389,4247105.00463942,1228.270552713683
1548979200,0.249503088185,151144.731107822,4157588.62012243,1191.987882961404
1549065600,0.241011964205,145266.570440045,4016536.07263,1140.717612301025
1549152000,0.234184486048,152123.263248755,3903152.96128407,1126.77192318606
1549238400,0.229555661546,151758.70991968,3826420.40809262,1106.172271524102
1549324800,0.2281880534,150254.07398528,3803983.3992941,1097.400793122931
1549411200,0.229598194376,157376.933447808,3827906.42580676,1121.314263204509
1549497600,0.219409008106,163308.426333996,3658416.32340372,1076.172037325533
1549584000,0.231735126951,157098.009855268,3864336.89463736,1053.877391740813
1549670400,0.206239546328,137780.22006273,3439542.74652586,936.89781548233
1549756800,0.212175487657,165165.587531718,3538892.3152759,959.000485578835
1549843200,0.367102044672,216325.97752466,6123682.18119235,1678.442811037683
1549929600,0.277554339849,132676.227513095,4630372.41874522,1267.369953113276
1550016000,0.281291675939,156192.367906498,4693233.0987415,1292.164608499964
1550102400,0.260678124748,151383.595347007,4349737.24482035,1202.621061303924
1550188800,0.24713651719,150417.856105979,4124221.28630994,1139.032552778863
1550275200,0.266588899528,148164.076325866,4449285.57158195,1225.770267063435
1550361600,0.281712701753,176500.524534606,4702248.21336908,1279.928621797131
1550448000,0.305117941018,169222.187779353,5093415.95866711,1300.762864606581
1550534400,0.275682727037,160826.879998408,4602596.50862899,1166.072067814706
1550620800,0.27871844744,155365.199306233,4653742.90921385,1163.487940946782
1550707200,0.258238759172,163059.691898604,4312245.2546875,1090.570645657628
1550793600,0.241747523998,155770.503946781,4037316.745652,1007.936577612366
1550880000,0.280781206772,164241.924884789,4689722.81565512,1132.092301263451
1550966400,0.256494873163,148074.319393361,4284529.7789984,1124.422348336145
1551052800,0.270591638721,163968.474157449,4520519.28695796,1164.273214912203
1551139200,0.276198484502,159704.890449071,4614632.07799841,1197.250523873784
1551225600,0.283136523734,172011.746752796,4731071.66958228,1228.515540422831
1551312000,0.283397250107,166821.249482219,4735783.41086475,1228.546611500899
1551398400,0.2738654411,159186.471974425,4576996.87580833,1185.878368250812
1551484800,0.273716269019,153893.288952918,4574979.4081516,1183.873707131463
1551571200,0.26737145228,156150.112674917,4469430.64084768,1161.743309072527
1551657600,0.265520132327,156141.193004145,4438957.42163809,1180.085108251266
1551744000,0.271772650108,158281.969565824,4543961.57481704,1166.202310117288
1551830400,0.272906644673,158298.316622055,4563386.43622073,1168.917404633009
1551916800,0.260088063534,159645.753791646,4349525.98014109,1111.988618804012
1552003200,0.241895933109,142698.817902815,4045689.20510798,1037.055287847873
1552089600,0.185991144335,121705.44324568,3111021.6641821,784.954678266378
1552176000,0.236327207525,230477.37387732,3953406.46633585,1000.457184884707
1552262400,0.205400132144,143629.425832565,3436396.31440583,879.947834944063
1552348800,0.200188927516,134873.269501502,3349583.13975527,856.855799690884
1552435200,0.234045716444,156738.275661221,3916499.93589099,1002.504095002154
1552521600,0.222507925918,190174.440336023,3723843.40025171,948.902433560174
1552608000,0.214176342587,156185.919885234,3584762.59522955,905.034832493106
1552694400,0.234784436441,161431.189697433,3930116.97280972,970.704630357678
1552780800,0.213580069876,104768.584207556,3575554.07753767,888.285885639449
1552867200,0.213965212315,139326.700646498,3582349.45884203,888.367738875572
1552953600,0.262440451666,170617.873948408,4394495.79515778,1079.413033965078
1553040000,0.293269571471,182971.660223223,4911250.03577325,1201.536020709415
1553126400,0.288562147896,161099.93446875,4832916.56100405,1199.435210669638
1553212800,0.288839688357,160937.006333234,4838095.6263122,1202.319566900276
1553299200,0.294846733845,163328.575779684,4939208.14803153,1223.84060137494
1553385600,0.305197562032,165503.591236848,5113127.52151661,1271.236589298627
1553472000,0.302812292353,148090.157119938,5073746.92573796,1280.256488632939
1553558400,0.302934629246,154259.044970702,5076326.86727647,1273.832855052005
1553644800,0.302841369867,151868.626023738,5075334.77078066,1241.803895440065
1553731200,0.27864887164,143367.19209752,4670372.93468959,1147.763571001222
1553817600,0.27659903732,157286.039457894,4636512.25846151,1131.305150656635
1553904000,0.269123768854,149640.828737431,4511699.49797878,1098.629880195373
1553990400,0.277858619009,163127.187721948,4658604.67500097,1134.749307608066
1554076800,0.387073822362,194316.583016233,6490457.69273353,1560.887914560159
1554163200,0.351786468538,135452.565812485,5899344.93813571,1208.91242714452
1554249600,0.376967671039,166038.592006159,6322359.44281864,1271.331528962804
1554336000,0.35020008375,152148.912967974,5874047.36964032,1193.233284070972
1554422400,0.358604773378,158398.804126783,6015683.79903395,1194.374567039585
1554508800,0.380640568009,169251.719388421,6385982.03700075,1262.097390753821
1554595200,0.382945817901,166423.247960223,6425298.49865575,1235.896483729354
1554681600,0.385497142188,161978.610032343,6468818.13867855,1222.891898097934
1554768000,0.380359674387,153129.20857783,6383296.1068754,1226.387534927845
1554854400,0.426593600129,172074.05943834,7159984.54355253,1344.711208052629
1554940800,0.371278584611,163512.326734926,6232229.15194225,1230.574451592713
1555027200,0.450471795659,173841.85041461,7562429.24847582,1485.877087846706
1555113600,0.456065404135,151204.623165413,7657299.90298687,1502.436934412375
1555200000,0.459477362091,155773.675251052,7715422.06549241,1493.002435386205
1555286400,0.446429078838,139686.527740035,7497062.33539504,1479.554342012171
1555372800,0.426295467705,152612.834825475,7159713.87456422,1367.516496478493
1555459200,0.463207525951,155198.140714214,7826622.40228272,1490.235050946683
1555545600,0.492927747697,165018.345764144,8329581.15146908,1572.097921867014
1555632000,0.485358487339,157407.902500028,8202569.3172588,1546.542058286366
1555718400,0.426709137658,144562.94577481,7212124.73219105,1351.120007640626
1555804800,0.476643933269,176033.520155689,8085613.67030968,1521.416083067277
1555891200,0.510363237118,162476.736613345,8658540.66389268,1603.621915635824
1555977600,0.510303024756,168151.683903058,8658455.22134224,1553.821367256814
1556064000,0.493524423868,161815.988260492,8374691.78799818,1532.460409213195
1556150400,0.460707746248,149423.363597354,7818615.26342215,1500.545422660554
1556236800,0.472215852217,159912.606128344,8014778.25178727,1518.137830621852
1556323200,0.472079045324,157574.519001736,8013298.63540654,1521.04326221132
1556409600,0.472062646856,155983.376917168,8013828.68714152,1516.294787334104
1556496000,0.482305060259,155968.805815902,8188613.255512,1560.522800194762
1556582400,0.492881862929,151493.515028509,8369063.44887178,1564.098472803826
1556668800,0.477722737456,144477.69518739,8112535.51321452,1501.571419083631
1556755200,0.478517665272,157997.07515092,8126939.4218959,1476.20720640307
1556841600,0.480197354096,165440.60655564,8156312.8865162,1413.991628383435
1556928000,0.489644643894,166211.318463589,8317629.02538042,1426.408870671341
1557014400,0.482378383378,159512.932486987,8195049.73854574,1413.985854468015
1557100800,0.502672723596,170206.778897981,8540746.00971089,1486.172415925954
1557187200,0.473203971544,163487.152571182,8040952.75539816,1379.355124513905
1557273600,0.536883653302,180053.505582337,9124004.10538571,1525.126490899199
1557360000,0.664879070509,229066.862542271,11300363.9984243,1830.158152913474
1557446400,0.740432945317,192269.51304017,12585939.7674368,1973.07379581246
1557532800,1.92787193564,308618.064803764,32773281.7405721,4548.830005931266
1557619200,1.0094125172,182364.865582133,17161631.5559158,2461.376517281427
1557705600,1.14848166538,183869.940548956,19528151.197927,2498.830866705532
1557792000,0.985984163346,159279.783337465,16766855.3496611,2097.320804015024
1557878400,1.18071046997,170571.235697647,20080358.3639131,2447.281948797128
1557964800,1.00686723954,148283.047880424,17125503.3648537,2171.934095092995
1558051200,0.897636318868,170185.71583802,15269198.2085612,2079.168709523273
1558137600,1.04451444337,169969.856363792,17769534.879174,2443.82158396076
1558224000,1.03308060817,178019.959905871,17627838.381194,2150.342239671213
1558310400,1.0440814026,178942.589256693,17817467.5247841,2233.238563764775
1558396800,0.924257935137,140366.85739291,15774295.5470135,1980.867297609007
1558483200,0.819319104852,151157.155704921,13984722.0776589,1820.911580478116
1558569600,0.816819665351,205039.774293061,13943496.9560189,1769.064719653353
1558656000,0.88286051122,200482.358606497,15072398.6271314,1887.028610000748
1558742400,0.936975590898,145041.204753671,15997932.7581275,1986.6930222584
1558828800,0.914644241065,38574.8538421808,15618247.6439601,1800.744679184211
1558915200,1.10480574342,42823.4834044342,18867440.6937427,2142.620426275935
1559001600,1.04359575034,4682.32975820677,17823985.7820918,2044.044037941785
1559088000,0.894119984271,10361.2613750234,15272602.9733508,1763.684345779574
1559174400,1.01350758561,19090.3508755665,17313642.1909657,2081.098616216329
1559260800,1.01463539967,10307.8635307855,17334646.081612,2021.650562434409
1559347200,0.979451483416,4288.18420433646,16735388.387218,1954.151819906168
1559433600,1.0316415423,15041.0883657607,17628974.1636811,2016.362648885816
1559520000,1.02055675418,38957.9911118764,17441333.8540939,2124.661320537171
1559606400,0.935960876671,6647.92872925539,15997194.4966021,2075.463192807727
1559692800,0.947623776785,2331.78288407216,16198283.8276524,2070.271530124367
1559779200,0.890905517272,3521.41371517633,15230402.7008829,1947.118014198381
1559865600,0.927395044446,4797.10134109388,15855930.8155541,1971.161943705863
1559952000,0.917761744167,6429.83654386998,15692805.0064051,1972.913372936866
1560038400,0.874458655777,9741.14060832436,14953917.8063831,1945.079066409861
1560124800,0.844086473971,1755.68301087514,14435957.0939258,1804.420236816127
1560211200,0.802295387092,5352.81201490146,13722645.6663202,1730.971255255839
1560297600,0.886500817251,3590.51828011942,15164477.2566057,1861.61828413072
1560384000,0.904829347005,3792.88671088236,15479661.9369895,1880.671271600509
1560470400,0.979865522139,4887.65781265298,16765155.9289684,1928.39641080602
1560556800,0.881849724864,2956.35308366077,15089727.2928227,1707.296528779515
1560643200,0.830392058757,4102.02967840215,14210719.7033004,1579.936468933222
1560729600,0.859650467036,4898.29462339047,14712990.0992019,1578.587350448142
1560816000,0.781373295303,4180.74307879397,13374654.2122916,1472.693624371863
1560902400,0.8449654174,4121.93217365646,14464640.6633036,1559.77859216835
1560988800,0.838503995898,4601.19283373316,14355450.2695023,1506.792138081137
1561075200,0.830929936186,4682.42745385514,14227267.8858167,1402.453386272955
1561161600,0.75305525404,11795.4932188495,12895235.6495987,1204.971780514669
1561248000,0.772629059915,2941.99900780546,13231784.3585996,1218.915896901653
1561334400,0.752434463001,2341.56175399529,12887332.8668022,1170.394413296319
1561420800,0.720919239879,7579.87578228175,12348823.764136,1047.316697722142
1561507200,0.76487409635,7086.89360168693,13103101.0111407,1006.673925154375
1561593600,0.67342558389,4173.8726255964,11537697.2717383,1031.735417668666
1561680000,0.854614320368,2512.38497129999,14643535.7830921,1180.23244919914
1561766400,0.804752389341,7271.38435442094,13790528.5006727,1153.114866759472
1561852800,0.647416951562,9874.18477034996,11095484.1850993,1025.730294553
1561939200,0.605347933176,2961.21976476978,10375534.8134714,980.38390392222
1562025600,0.617473448672,5065.88326173672,10584465.3740874,979.890847845096
1562112000,0.671447450421,2588.5815117765,11544428.7850737,965.150801976852
1562198400,0.593848085898,11637.5249767952,10211290.0898917,910.467386029899
1562284800,0.566743597721,2706.76468168306,9746206.29276698,887.757145101902
1562371200,0.570272727002,15963.2135945912,9807897.75142111,875.037097591789
1562457600,0.572208536549,1968.08194219965,9842190.56003278,859.516394618673
1562544000,0.499985816788,5472.40388191604,8600841.85242946,700.05462401432
1562630400,0.503259010987,3224.36590903311,8658039.61300658,688.577105085996
1562716800,0.53688361827,3511.49696589261,9237523.7929365,759.882708611939
1562803200,0.484943078294,5375.54930271725,8344700.35234287,734.655242707734
1562889600,0.480177844268,3862.07372546482,8263557.48864946,699.353991911209
1562976000,0.41380721856,3966.51897376569,7122107.07648861,625.16414231889
1563062400,0.417560056632,1728.09258029654,7187462.4736453,700.801645979851
1563148800,0.402502272946,4107.34912913973,6928943.21695357,635.969384337493
1563235200,0.351496679557,1025.31714138764,6051520.5426262,638.50485641958
1563321600,0.394255268779,3841.3665454676,6788405.41318281,700.28300870304
1563408000,0.41321705023,2199.48179621384,7115646.58934368,667.103362885047
1563494400,0.387450907189,2168.60521878254,6672609.2182994,633.632002152944
1563580800,0.41412730074,1844.11657437269,7132771.95073098,662.457468503702
1563667200,0.379641846358,1298.6967804594,6539463.59993917,616.982591496642
1563753600,0.381331633242,2375.29545251694,6569264.31700126,635.134574722032
1563840000,0.353982108307,1786.41676010609,6098723.37906803,615.984879916855
1563926400,0.369780814692,4942.68295757117,6371601.85212744,649.373196951006
1564012800,0.364090068857,1260.84636802098,6274207.06775126,633.00109695126
1564099200,0.351391979031,598.506414300807,6056028.75290909,613.560532169275
1564185600,0.352388089209,1339.33108701572,6073818.29606273,640.855130354842
1564272000,0.346282195779,660.808000716876,5969164.80568649,624.856270089559
1564358400,0.403343424282,4047.83532241426,6953508.20445337,730.476057939967
1564444800,0.366453670549,900.926110978061,6318225.77244471,657.63997271355
1564531200,0.396831737257,773.832099064839,6842717.13555923,678.462202206677
1564617600,0.394343385673,2671.5250505716,6800492.27133973,653.914281122254
1564704000,0.389439424674,1606.95191046686,6716633.68615147,638.574077278816
1564790400,0.384845021992,1514.23814255861,6638111.12811783,613.405917817987
1564876800,0.399318970043,789.260288472104,6888284.59563007,627.909660281459
1564963200,0.388866415283,11769.5549680153,6708719.67071538,568.263295157942
1565049600,0.378705145595,3540.63110447929,6534090.92850061,569.262454007713
1565136000,0.375248717507,1616.07727314976,6475114.7214938,542.215035561532
1565222400,0.376834079285,2548.87429231143,6503121.01470248,543.448065384522
1565308800,0.37669621232,1519.67027827193,6501429.2802058,548.045519637901
1565395200,0.348729233603,211.75090918482,6019371.63821299,530.153149335353
1565481600,0.356983795003,1683.88654029115,6162495.1598484,534.772651500925
1565568000,0.350725358921,943.671791588403,6055100.07885961,531.960330829047
1565654400,0.363271031547,1551.49874985575,6272394.21647239,575.669216851351
1565740800,0.331691131201,2454.80047980823,5727706.65039197,569.824450123785
1565827200,0.315805041236,1158.15431637628,5453952.01018466,528.917031562212
1565913600,0.322059145209,676.106699209907,5562545.10360119,536.183066470926
1566000000,0.332572794187,716.260163065635,5744707.52405372,561.459282824837
1566086400,0.324023952634,1044.98898394201,5597620.03534803,541.051868705219
1566172800,0.340430970439,1313.68367164836,5881668.36000154,538.809026816576
1566259200,0.332513615467,480.517141287639,5745477.7546201,533.805962033205
1566345600,0.317145940884,885.987488507121,5480517.67042246,540.58897273071
1566432000,0.321881620799,1195.37356482016,5562876.79817363,549.091507563222
1566518400,0.329046559782,1061.24082915335,5687263.29342441,546.433735644818
1566604800,0.316620928469,880.189833383037,5473062.80057785,538.689371453415
1566691200,0.291082648051,823.480597417216,5032093.03747186,496.334204262889
1566777600,0.302811977508,1305.98606849851,5235370.15512617,504.817369899467
1566864000,0.32285768437,1731.87282231309,5582571.50219848,548.090084160134
1566950400,0.277932025809,3677.3390068041,4806244.59208267,492.724621700285
1567036800,0.304869538657,3539.6525080856,5272596.66044026,554.414870706167
1567123200,0.298591566603,2070.03521779087,5164184.93851169,538.038297819857
1567209600,0.298487079784,1440.65786995926,5162377.82365211,536.035519835591
1567296000,0.300323580957,916.402997391393,5194140.38079686,532.297208473391
1567382400,0.321585131482,1089.52588194599,5563944.27926246,537.747446893835
1567468800,0.319840460465,2802.44472475477,5534351.34574283,520.951701215427
1567555200,0.315479202287,475.853353401805,5459416.82419873,515.307018313501
1567641600,0.32609717381,952.343886137535,5643750.47224103,533.661072471375
1567728000,0.310088949909,1095.60198118541,5367261.73812456,518.410593059028
1567814400,0.263139218419,592.822742026873,4555104.27862567,433.107729726658
1567900800,0.311081206767,349.170377058728,5385540.83310307,515.793359535924
1567987200,0.297315622697,423.854841896489,5147738.42500768,498.089150735818
1568073600,0.276692655063,1433.88718529403,4791181.4241295,473.625236852276
1568160000,0.274939660104,867.709625898027,4761319.91757357,467.787964661902
1568246400,0.276804652399,1163.63488885554,4794095.62981204,460.522317238048
1568332800,0.271946549731,399.863983951885,4710442.22083309,454.651866179402
1568419200,0.272618194647,995.219745971678,4722531.70435567,455.92868853553
1568505600,0.268135526035,415.845291287618,4645366.65472685,448.926895422143
1568592000,0.316023528411,3548.04448038703,5475532.22122156,532.805509061974
1568678400,0.307623931442,8541.78751515452,5330576.63602693,520.499463390165
1568764800,0.222324436944,40585.0224453923,3852870.63544479,377.797291179495
1568851200,0.167430429827,15005.3548907561,2901858.13189502,282.655456373964
1568937600,0.184942936861,21100.7259934002,3205665.0119726,314.847569045842
1569024000,0.175999559048,1602.14219359538,3050969.36979039,304.496572226404
1569110400,0.183684069219,992.296011677831,3184505.98765567,316.22463328411
1569196800,0.204766115478,4696.82081855338,3550332.13187122,364.910464640402
1569283200,0.161445740297,3416.47898857341,2799511.98750953,324.748039919273
1569369600,0.175094290346,4112.96838455333,3036512.50558576,357.784252442903
1569456000,0.17535624457,1711.9851947689,3041371.54584323,374.600779109068
1569542400,0.180955024361,1686.47036213987,3138783.61199126,380.373533177145
1569628800,0.204909987532,3867.13729413412,3554670.84374084,431.082632237837
1569715200,0.185487649266,1310.32179772771,3218050.11379975,397.084935661191
1569801600,0.199116561469,860.813858888073,3454848.39416907,416.554561599739
1569888000,0.22165787536,4235.63187810684,3846363.26076866,461.013509860072
1569974400,0.235023440788,6497.15777284408,4078708.37914373,485.963074922344
1570060800,0.229725868474,4306.0267771371,3987181.71104783,482.710110474558
1570147200,0.270848541209,5379.11619280657,4701351.6808242,572.920598092757
1570233600,0.242645128567,995.768514691477,4212273.8859655,516.748282647649
1570320000,0.226928789997,210.013414962841,3939826.97738507,493.208567004082
1570406400,0.265036382468,3520.35969105002,4601954.20294131,558.108745427961
1570492800,0.248230824319,561.194365206394,4310683.35741772,523.854285496889
1570579200,0.251666660836,926.604378641023,4370756.19063253,508.479354819695
1570665600,0.255398060183,665.575811414801,4436024.81707359,516.629418493826
1570752000,0.241525337866,312.71393814129,4195498.85597096,504.160245679858
1570838400,0.256043689147,227.374546914214,4448142.14090886,533.570762650615
1570924800,0.215728035906,3381.11761574101,3748113.45754008,450.439946888978
1571011200,0.257694808279,480.916131727473,4477731.51033607,534.674519942308
1571097600,0.215596578954,1110.97774501688,3746598.90149922,456.603324398894
1571184000,0.230783851799,3039.15347905374,4010928.81957525,498.405150753686
1571270400,0.211878157822,1035.95746919239,3682724.40208736,454.437889733123
1571356800,0.207989027848,1186.26842632536,3615490.12733503,453.454913047941
1571443200,0.201160315428,601.950042464903,3497156.3266179,437.770529637254
1571529600,0.20251169642,4759.33852379297,3521000.57768316,428.237295097319
1571616000,0.201317998521,4099.47617619624,3500607.28078301,424.639221982903
1571702400,0.185799927393,2250.86445773604,3231087.98844531,399.97606885868
1571788800,0.176393376311,542.843883115747,3067819.23249397,408.24393019019
1571875200,0.176114179786,408.146473301301,3063284.32729472,408.792818479686
1571961600,0.19202871754,726.188746520253,3340414.51325938,385.6979546192
1572048000,0.231108400846,5617.0579405192,4020640.46800662,434.900227904459
1572134400,0.230586216514,792.511216596334,4011979.62176274,420.027143568674
1572220800,0.206456185529,951.424124957534,3592511.13789613,388.121604144754
1572307200,0.217626527078,401.137408668525,3787276.87644713,401.718533947406
1572393600,0.213368774948,862.943315609132,3713532.12553147,403.39370200544
1572480000,0.204866581299,749.090775136446,3565918.55541563,387.617341930118
1572566400,0.220944299007,962.264911938745,3846220.40601911,415.309040647318
1572652800,0.207290326783,1210.57392784718,3608887.62299127,387.023782845542
1572739200,0.205929637209,1178.16542798676,3585571.50762857,388.244044115414
1572825600,0.215201969263,350.663450379872,3747403.30727209,398.125760491318
1572912000,0.213970069021,1665.08345172776,3726340.19446094,398.857837928186
1572998400,0.217122965651,3368.94409208743,3781627.93396912,403.982108692851
1573084800,0.212760564881,1522.82917715898,3706027.03494309,399.892371717636
1573171200,0.198472780602,409.602792844642,3457497.51449242,392.679652392264
1573257600,0.205098497326,458.552546522784,3573270.20251737,405.42767101632
1573344000,0.223534807058,1841.31041784155,3894859.25537983,430.108562812479
1573430400,0.206717388851,1111.98936302596,3602211.95609546,411.315243081841
1573516800,0.202893610266,459.919912703678,3535937.22770079,401.097162817223
1573603200,0.199334247559,429.127440948676,3474278.16209142,394.433995804235
1573689600,0.196658471705,802.156941273827,3427979.59119361,393.654361698214
1573776000,0.182784499796,1243.0043457356,3186463.29763015,375.231542788748
1573862400,0.187315663284,256.813253962895,3265790.59997761,381.929837679784
1573948800,0.179481578182,687.809485061558,3129517.03987065,364.831644451168
1574035200,0.163330051422,1695.21570873419,2848172.88173826,342.769869211047
1574121600,0.153451181663,1213.58045665721,2676168.43611716,326.11757175202
1574208000,0.166918949599,1954.7113371444,2911342.90612388,362.681656244735
1574294400,0.143931794061,1351.59197841518,2510663.87494881,328.502675990016
1574380800,0.153075216545,1458.60980206935,2670420.0823695,365.982547668806
1574467200,0.162919857018,1573.87735804843,2842457.62057856,384.230296289241
1574553600,0.147372529198,362.612205068389,2571468.23063473,364.855067813853
1574640000,0.147628316982,1099.57517955891,2576190.68310714,360.501310483537
1574726400,0.147637592419,794.305617097504,2576618.29195887,356.952864558326
1574812800,0.153268833978,840.431597414903,2675156.59149714,355.188009448654
1574899200,0.175465956121,397.952588873302,3062882.15076954,410.403129661308
1574985600,0.184711108599,2053.18393412753,3224584.32753045,415.472636295695
1575072000,0.175914810271,976.782575351884,3071386.24288136,405.751171226388
1575158400,0.154035205568,217.526373520833,2689663.56772652,362.278786067697
1575244800,0.192613822857,7991.40101544617,3363640.42942877,459.388949667958
1575331200,0.161465496785,856.334986662774,2819971.1528359,385.234311581887
1575417600,0.15278307374,776.133501713514,2668608.92090757,367.980719035154
1575504000,0.155201642286,1993.75585348094,2711129.18618144,363.99264982772
1575590400,0.164362444732,1005.35908530427,2871436.01633592,380.473991043193
1575676800,0.164387963424,418.702558084108,2872115.57076345,380.098603639388
1575763200,0.16594149364,645.643144449687,2899536.13241925,383.316204954632
1575849600,0.161650895317,1660.92257884863,2824880.17705901,381.694175117414
1575936000,0.145527532287,4627.12674948319,2543367.82517364,349.453969103914
1576022400,0.137166451291,524.10506881715,2397493.79578839,332.181228141121
1576108800,0.153370069578,1064.81043675156,2680975.40474615,370.140222449624
1576195200,0.144958785459,148.69601908032,2534188.03037048,348.596690076333
1576281600,0.136568708574,42.8704894538705,2387762.57801905,335.139904996163
1576368000,0.138058302101,197.192142885709,2414052.92751623,337.521115917023
1576454400,0.137739420082,417.848154037007,2408721.09335316,347.454444196602
1576540800,0.1253723598,957.554454992631,2192681.05503568,330.197420025773
1576627200,0.142959542371,463.361324374112,2500530.79082343,343.630422030964
1576713600,0.135990130281,265.233538809595,2378878.29576944,330.269298691156
1576800000,0.132697289426,70.1903563711567,2321510.02363409,321.591496924531
1576886400,0.128939403727,369.909682432874,2256005.57697441,313.71935724394
1576972800,0.143093742466,550.464248545982,2503893.62696538,333.337410290633
1577059200,0.142294443237,462.377107426601,2490171.403474,338.539597542018
1577145600,0.139606275975,113.539674310052,2443379.41541769,333.6795659323
1577232000,0.137109367761,295.666388832648,2399924.6399616,329.879485879435
1577318400,0.134862059994,2050.92052433294,2360823.12755389,326.127065831632
1577404800,0.1294466522,1127.15559296222,2266253.25697336,310.867731705505
1577491200,0.128886666799,493.986919395547,2256682.26121881,308.374597645359
1577577600,0.121508068394,1071.016377404,2127697.00388129,286.649136874619
1577664000,0.136337488025,977.002312998412,2387632.38578785,327.387085310504
1577750400,0.124711877334,151.198357037499,2184260.30400073,303.639435630619
1577836800,0.124865676579,225.8290673443,2187177.21103314,303.767254413918
1577923200,0.12223000447,373.530323467388,2141236.27021464,306.527166628256
1578009600,0.12859890787,418.627193816046,2253036.36265006,306.749073338303
1578096000,0.127925962318,96.6047455530056,2241460.31915708,302.464471484092
1578182400,0.127152511047,441.141962639262,2228135.14679503,300.639553711359
1578268800,0.167756922799,1530.40120699653,2939969.91918874,378.412544416442
1578355200,0.144987598859,1830.28288717162,2541185.38199895,311.278929240228
1578441600,0.142170705974,1618.8002803481,2492064.07024513,308.429005084509
1578528000,0.132854052903,434.077489830617,2328943.1447452,295.585986059055
1578614400,0.129346637875,1175.48908436072,2267694.3149506,277.680679980171
1578700800,0.116647528807,1318.60906131675,2045258.0130027,254.463260268201
1578787200,0.120043439659,3534.8871961641,2105017.58491271,256.944667212381
1578873600,0.115368386665,1609.64652390195,2023239.8889551,248.427256473925
1578960000,0.137956949977,2036.26628623682,2419617.00156537,274.091700724807
1579046400,0.151780234198,4299.92693558815,2662345.75212013,302.298474456345
1579132800,0.144861057391,1121.26310769,2541237.29208532,291.299820272982
1579219200,0.126222831931,1259.11753375113,2214499.88205905,248.011035954047
1579305600,0.127744829601,298.106483893748,2241428.71797452,250.640351912631
1579392000,0.156612234524,897.176519734782,2748211.88262854,315.659840443796
1579478400,0.149252538312,618.661467820145,2619326.04692087,302.544931474394
1579564800,0.150641882353,1838.62997427172,2643981.08120602,302.311097350581
1579651200,0.14730947568,746.535936532134,2585756.34089057,297.868131649146
1579737600,0.124724236921,1892.77134601495,2189535.90226545,260.456987535072
1579824000,0.130080090297,1076.33495708145,2283786.44402137,270.416700862246
1579910400,0.13412800229,2472.13392154283,2355096.97932263,281.445971381313
1579996800,0.129413970876,920.218792254433,2272559.04541241,264.348491758423
1580083200,0.138329380393,1223.4575888298,2429353.9506184,272.660296709655
1580169600,0.139939032528,332.503426517806,2457869.02225202,262.632392116816
1580256000,0.151624889031,529.096835528441,2663387.33162682,285.874565693404
1580342400,0.151521330258,2802.30908866576,2661846.67654967,279.929386765629
1580428800,0.149083882359,678.9943507975,2619281.71990084,280.121230508339
1580515200,0.15740895946,2129.80683264843,2765833.2861412,294.460770772815
1580601600,0.171850382082,4708.91061202762,3019886.45148464,323.1772669852
1580688000,0.190362874294,3737.56651181999,3345528.72575254,359.985054717807
1580774400,0.188408673842,4103.81186069551,3311255.90898257,360.665425012033
1580860800,0.199086265048,1346.11011872378,3498965.95298084,363.966668932207
1580947200,0.188990968229,803.995588363037,3321582.96511954,341.382372097004
1581033600,0.189144412331,962.310918960774,3324470.12593043,339.372111584921
1581120000,0.178872628311,423.067614121412,3144249.29551209,318.723896803957
1581206400,0.196064242768,1018.96419771533,3446789.12833819,340.70379447261
1581292800,0.235235567274,2863.33942619918,4135834.50867166,419.600026776748
1581379200,0.317368467611,9558.52908099738,5580419.6233282,546.658555354561
1581465600,0.352121245038,11378.3012767615,6192099.33773243,599.657823147564
1581552000,0.338507067137,13340.6662379829,5953293.0427875,582.834531412616
1581638400,0.527796848257,20372.6720306936,9283266.91364818,900.229095903897
1581724800,0.468129455412,15349.4171168664,8234626.70025503,832.66994536258
1581811200,0.538069854156,23409.9903628381,9465876.0955918,952.835025869
1581897600,0.568401191922,11454.2587537344,10000480.6498723,1032.026150082551
1581984000,0.633637748875,9716.69196812587,11149366.9313323,1099.326646164088
1582070400,0.607415956279,10381.5036591707,10689032.536262,1109.5819850461
1582156800,0.524065905206,11887.912754247,9223194.61521633,959.901936575625
1582243200,0.516377841198,6682.81287313926,9088809.84590886,938.302285937901
1582329600,0.426464330509,12039.7452340945,7506982.22162504,776.864434038725
1582416000,0.39775805841,3804.08141382449,7002371.43312831,705.563065687627
1582502400,0.494287741862,10455.2706165059,8702602.88208611,901.80780025621
1582588800,0.51257523443,3223.78861263588,9025501.50851463,966.151396392058
1582675200,0.476747703887,7649.42907784726,8395503.12983301,951.81475745186
1582761600,0.421698888554,5483.91514933968,7426838.18208428,845.448619272076
1582848000,0.42132548522,2547.36082367917,7420987.38098302,855.696235380315
1582934400,0.413137940508,510.829352395639,7277564.17097801,846.27673888964
1583020800,0.373929050274,922.452061418788,6587524.3610265,769.350032858445
1583107200,0.378159007076,2030.81866591402,6662751.56058775,751.183674592277
1583193600,0.374067466732,1262.03651535967,6591302.47890952,750.052642344926
1583280000,0.374305540926,2081.01925748386,6596177.09345286,753.397128044991
1583366400,0.356773007907,909.785572755841,6287826.50837082,692.586275021307
1583452800,0.33334830251,564.266978585992,5875591.90278902,644.073731415381
1583539200,0.353094196413,518.606745868536,6224255.04464632,698.573216249373
1583625600,0.289162157137,704.443794066712,5097806.78045962,628.728873308306
1583712000,0.293745748587,314.048704859026,5179124.86426968,653.629104996079
1583798400,0.314000503332,159.284602554724,5536761.97929052,699.993850377918
1583884800,0.296106756916,438.204986178015,5221713.97582957,660.021506284039
1583971200,0.167006633936,2144.54523160717,2945390.54538054,592.539973246989
1584057600,0.166707914403,2415.22745864423,2940424.37570013,528.50094982146
1584144000,0.169162932282,784.545496030206,2984021.93201341,573.809956152634
1584230400,0.190124156369,1051.11133969744,3354112.69610272,622.017221598002
1584316800,0.17296256727,1451.00497817653,3051657.99338574,608.569185530631
1584403200,0.183228783688,187.324364262047,3233096.47178905,618.699932546382
1584489600,0.176939035238,246.02822685549,3122434.82437016,596.062116972879
1584576000,0.23079839543,1685.73858043708,4073320.44366983,657.921732730246
1584662400,0.213865127431,176.951202416745,3774842.42753941,608.965552166228
1584748800,0.21737760892,227.549190437269,3837213.36253872,620.399688929775
1584835200,0.203784288295,307.927584579851,3597635.80391067,617.063224805302
1584921600,0.225175347443,475.365148063777,3975668.4448117,619.618681336949
1585008000,0.197674548036,759.532753671423,3490482.76798897,518.27534134141
1585094400,0.188353756408,239.191525493398,3326244.30598186,497.861523790484
1585180800,0.20069291751,706.4382489848,3544474.57754884,527.731106668974
1585267200,0.182639212975,180.705603549067,3225945.53694211,498.61610019745
1585353600,0.171650302197,223.088568872827,3032159.10395944,485.752146148344
1585440000,0.169006747628,255.279938089795,2985758.20029302,504.177048204832
1585526400,0.178126677698,320.732577114309,3147197.76945279,489.467358008576
1585612800,0.17866551758,94.3754750761545,3157015.19218738,490.322928999149
1585699200,0.168536835768,612.029025687726,2978347.11288819,450.801868630073
1585785600,0.19987654533,1887.644631256,3532526.82730489,519.976753274124
1585872000,0.203318212852,1139.39133785969,3593714.813316,533.7157410652
1585958400,0.180684807542,1576.51365470228,3193945.54328976,465.079411168055
1586044800,0.190532360124,540.527052327801,3368377.49476552,495.996661710365
1586131200,0.184791636464,467.756066095604,3267218.3074819,449.30096894272
1586217600,0.180682747539,183.53827862171,3194893.84981656,445.193607112476
1586304000,0.219981472305,1025.92099260971,3890178.4337152,530.423534944142
1586390400,0.210660100641,824.716016460736,3725711.45558259,510.225381604631
1586476800,0.19216262856,2470.01421391427,3398922.09168498,495.073240082716
1586563200,0.187496702673,556.059120915333,3316701.20399488,483.548780078894
1586649600,0.189233643219,575.496036506013,3347790.8873549,480.239114602281
1586736000,0.182347301492,518.604434342065,3226279.88509114,471.331204484176
1586822400,0.178977845659,899.134950149082,3166983.85815845,462.845044652058
1586908800,0.167684771419,453.37864835319,2967457.10353657,446.764234294556
1586995200,0.184513228364,1871.04372112442,3265602.72135137,458.858020073571
1587081600,0.182608455939,1789.7848000483,3232190.17594589,455.482812997268
1587168000,0.179789008597,730.656863148382,3182625.55497998,438.519220697192
1587254400,0.163040539866,174.137516566567,2886423.82904201,401.481884100204
1587340800,0.180068451473,964.495752313816,3188196.86602766,463.268818510443
1587427200,0.165357540604,375.790260284657,2928023.14285044,425.56474553412
1587513600,0.181127081971,1074.98435544764,3207583.98548101,450.680124187753
1587600000,0.177537671576,295.702861905706,3144324.72547853,423.208776416689
1587686400,0.185186940308,245.068386002383,3280151.99879869,434.405381172025
1587772800,0.194487391653,1400.70463092042,3445184.86650767,455.114138801574
1587859200,0.224374657671,3603.41801900623,3974972.30711161,517.583461770018
1587945600,0.217610496446,4216.33036923285,3855572.4087652,494.583092964424
1588032000,0.210399360444,369.532200264542,3728202.98393962,477.542595065939
1588118400,0.262228074202,1021.33884410702,4647051.81798326,528.011800803376
1588204800,0.245607958492,590.982398178323,4352928.21834411,502.731534436218
1588291200,0.263488108953,1029.52171374707,4670120.82681619,526.818241649905
1588377600,0.297704601258,2848.00119920084,5276670.72561791,587.040573927992
1588464000,0.287802156067,874.442266665964,5101660.10473614,573.383319874411
1588550400,0.272477201502,850.001448958947,4830504.72278733,541.982718386147
1588636800,0.221471912627,1150.77567171146,3926685.19954799,436.149578347659
1588723200,0.245121535548,998.62199158088,4346390.07517347,468.928860652016
1588809600,0.254272484152,733.931591474934,4509207.7918448,453.117541625585
1588896000,0.292155628881,1037.53137480495,5181540.70360298,526.436698247531
1588982400,0.258740818085,1098.64822992752,4589364.26787167,478.362891934393
1589068800,0.223249600782,1808.76442839973,3960228.80820227,452.265165026403
1589155200,0.229318299913,284.259862469347,4068300.0805221,472.959375074359
1589241600,0.243254068726,780.502709213213,4315970.23202196,490.201722279318
1589328000,0.236030787292,461.852282964828,4188232.76694933,451.805642045064
1589414400,0.249206086408,521.343981583805,4422450.87526852,454.343271722319
1589500800,0.246905079837,1207.83026163959,4382063.59028958,469.765317787959
1589587200,0.258488083457,380.056165378204,4588093.95942894,489.291570919988
1589673600,0.260732867095,71.5796051922248,4628412.47315734,478.599658255648
1589760000,0.252468737734,5375.21512197758,4482158.71234654,460.815727205804
1589846400,0.243062472635,1249.21151968515,4315614.40877445,443.58079542932
1589932800,0.2390946406,1610.29561993173,4245593.77064998,445.826122446993
1590019200,0.224618850875,587.820398995475,3988937.33688427,439.225039316184
1590105600,0.24342548012,3263.76493497034,4323355.90740059,470.821614198324
1590192000,0.241153699323,80.1514678633114,4283423.20284753,465.119941201351
1590278400,0.217456460738,90.3462685011754,3862919.6284928,439.449130351369
1590364800,0.216242264936,290.928652916465,3841741.11309898,431.320232397514
1590451200,0.209768348754,1189.16887898761,3727097.76930411,421.853470090227
1590537600,0.217345884794,65.4230928470399,3862121.54221077,420.663757299406
1590624000,0.206761183458,1153.86346611388,3674403.34666831,385.733708972054
1590710400,0.213133595284,202.079722974611,3788028.67340713,401.311451880676
1590796800,0.218775587757,719.496616225975,3888695.69055389,400.879358152697
1590883200,0.213895813609,335.450464325991,3802349.63407126,401.894712774587
1590969600,0.234038666121,349.541968886606,4160858.57152201,409.240569106144
1591056000,0.215206532713,685.229440767011,3826428.59900958,401.522275405877
1591142400,0.209358374615,5336.84784962797,3722812.53700128,385.515310215624
1591228800,0.214376424028,1065.86354147435,3812403.28811008,388.995467570261
1591315200,0.205519713151,451.468326794999,3655269.53140243,378.175688191104
1591401600,0.19707687901,559.698398671962,3505469.22459919,363.122611793395
1591488000,0.212022745469,246.700040080276,3771708.35429994,386.490980252152
1591574400,0.2165249015,1417.26824785124,3852180.26852579,394.226517073191
1591660800,0.196633596423,348.332332629852,3498632.71888016,357.160043932947
1591747200,0.215775351827,586.293345740735,3839577.36723735,389.011215835727
1591833600,0.20536084312,438.523782837946,3654638.7435026,392.053694577236
1591920000,0.222394507487,594.570369587487,3958171.14358465,417.491435335633
1592006400,0.227977213714,591.253159910099,4057958.02326702,428.267987445728
1592092800,0.187961725041,2114.10332400938,3346026.45432583,356.461284693661
1592179200,0.202313135164,867.962760589573,3601864.15780718,381.121332283023
1592265600,0.204085993427,78.5674496498618,3633781.04604696,380.978379154253
1592352000,0.179342064784,2775.3896234773,3193541.8688802,336.862435644268
1592438400,0.181724595234,654.07998099364,3236290.68737671,343.853120836698
1592524800,0.168151835308,1736.29392619758,2994877.68664689,322.44526317205
1592611200,0.177847332064,397.130215182043,3167878.88864549,339.451695633665
1592697600,0.192148627149,471.631167657061,3422971.63230846,367.917870945394
1592784000,0.194181739664,240.414764779224,3459538.79975381,358.549086558066
1592870400,0.205066629772,2921.28905400987,3653791.29537316,379.431036504195
1592956800,0.181471091845,223.946585065523,3233695.16178536,347.201027489815
1593043200,0.177756917838,808.760723129952,3167822.66087598,341.919759975662
1593129600,0.18652960976,1158.73882173271,3324486.30235222,362.819613405742
1593216000,0.170306598484,1612.75151275368,3035654.41116063,335.602352996282
1593302400,0.175803379551,806.752391839741,3133944.62531777,342.748014552052
1593388800,0.176930392028,556.625363651881,3154349.27288288,343.205223284793
1593475200,0.179517011764,395.476201240597,3200756.30629567,350.269057584492
1593561600,0.180133932595,71.9485134838023,3212080.69869348,348.067556363178
1593648000,0.17964567226,84.4219722139162,3203685.79656081,351.150041386266
1593734400,0.174609342137,397.989398242363,3114189.22897914,342.696725775853
1593820800,0.181228729549,528.803791912757,3232575.67894453,353.964399009657
1593907200,0.176076279724,518.579287922466,3140987.85174559,346.154681757591
1593993600,0.190338171502,217.927587519395,3395710.26525947,362.190749786605
1594080000,0.187434353847,2268.40762765398,3344230.06067412,361.449381403151
1594166400,0.217900674571,1054.21437560688,3888078.97811835,412.382440379763
1594252800,0.204594040074,1634.10067853406,3650803.82092704,393.491743495736
1594339200,0.199976550576,175.92503594422,3568581.19136103,384.594795154361
1594425600,0.194891149229,423.130159254667,3478011.57407836,376.394067934065
1594512000,0.185024256475,1197.17149066841,3302089.70593296,355.962899388655
1594598400,0.17908211852,1297.88112469268,3196196.89441503,345.773511337544
1594684800,0.182037503463,540.187333528613,3249107.72039526,351.512780709785
1594771200,0.181287792391,326.777795838523,3235894.14683216,352.001670955814
1594857600,0.186463878564,624.266073993982,3328457.40164702,364.473748613786
1594944000,0.178169657572,1105.91152305473,3180549.39268052,347.548138229115
1595030400,0.176152772853,1132.81131996729,3144693.85232772,343.343177878508
1595116800,0.186179001586,636.669561249554,3323842.91347993,361.84510625666
1595203200,0.17796215108,1053.12510817176,3177306.73373269,346.707390739765
1595289600,0.177931834703,1071.7090634089,3176925.33079787,338.876093636308
1595376000,0.195907536695,693.658866827985,3498049.02068953,367.23523529057
1595462400,0.187345342164,1346.86656922845,3345331.47829555,349.160453920253
1595548800,0.201014284938,1538.45119575115,3589587.42507657,376.389620801436
1595635200,0.192357399153,2080.7709537826,3435168.28714025,354.978600268179
1595721600,0.201830602321,711.003422595773,3604519.80625158,363.902968412057
1595808000,0.212754337452,473.951075544218,3799794.75005615,345.722728772665
1595894400,0.212244264402,404.221572653912,3790813.18136295,347.372359526319
1595980800,0.231361639505,1785.54361271875,4132436.95614253,372.275918479488
1596067200,0.210814593212,899.127712377249,3765628.19452842,338.90338679734
1596153600,0.21857297619,139.871651683527,3904402.83915318,344.806326030369
1596240000,0.222495547064,46.9037734167083,3974667.70754216,337.993660005363
1596326400,0.211663833969,677.23473908958,3781356.49110775,342.09231764651
1596412800,0.212743051419,660.242427738593,3800827.4234949,337.96101441162
1596499200,0.208145991074,683.60086176112,3718876.40695634,331.86791660556
1596585600,0.222546007803,730.071457126279,3976365.08953504,338.499818798392
1596672000,0.24468468428,2390.51157705455,4372152.43615894,371.157597989389
1596758400,0.229516198461,1431.25619349974,4101311.6888213,353.516479301745
1596844800,0.246546383287,1800.92602395655,4405846.61082084,374.836611492764
1596931200,0.251637871587,1158.56836152652,4497060.84925231,385.162830316447
1597017600,0.369530957713,2567.67184021156,6604288.95667311,556.004965766544
1597104000,0.241073256211,2148.81682117831,4308691.33495515,377.606735027393
1597190400,0.261383573301,3267.49621045417,4671925.01002343,403.275900949947
1597276800,0.269847615861,2807.96931108534,4823432.47452265,409.315698988039
1597363200,0.26418773987,1258.69292832128,4722507.7036919,401.271099606007
1597449600,0.278771017567,353.936438986168,4983440.45534315,419.98710434189
1597536000,0.299267604724,4458.7586454827,5350110.24883287,449.861132309262
1597622400,0.348810202628,2049.81460859093,6236106.66799216,508.887069048632
1597708800,0.29034624681,2737.92631260312,5191132.69717812,432.910662753954
1597795200,0.253860644489,1661.70621322799,4539027.47784189,386.028073162918
1597881600,0.285577422559,1455.13201915785,5106376.36783124,429.888585566968
1597968000,0.271764511016,488.108341306649,4859630.50908105,419.205090398202
1598054400,0.261108325658,392.675713682338,4669318.53758997,399.707942990344
1598140800,0.267937799089,616.359859676537,4791689.85666372,410.780313407263
1598227200,0.292996946434,1284.27499210105,5240097.87662761,445.034203979159
1598313600,0.271534347719,755.439126741306,4856490.60847927,427.277228897004
1598400000,0.249172381957,707.480914714647,4456754.01479161,387.936364819268
1598486400,0.254206932966,1285.38922656871,4547022.7922862,401.559956178604
1598572800,0.275273634921,2566.46789567897,4924090.85371238,426.605241089703
1598659200,0.282092041092,794.100961132569,5046319.78191731,438.548616888815
1598745600,0.27286050459,1056.60890448911,4881409.99286804,416.804627430071
1598832000,0.270750457613,552.279781615878,4843909.65661123,414.689168922754
1598918400,0.274050003879,1614.90731153944,4903688.85216043,409.648524487205
1599004800,0.265410177793,1036.60964412189,4749554.47374235,416.115327076409
1599091200,0.245727590865,1847.11322317264,4397648.03736055,429.235792154127
1599177600,0.239073960217,1157.64825590679,4278853.42309716,407.051857180712
1599264000,0.254711751017,458.781420568286,4558972.55063148,448.295629099661
1599350400,0.240928414694,1288.23438745933,4312485.68630158,419.488139454989
1599436800,0.235068350598,827.400975078886,4207793.94777453,405.783113249533
1599523200,0.230497422529,220.454962221354,4126188.33603201,407.262654503989
1599609600,0.24562626187,430.919488236179,4397238.13332576,429.319349056875
1599696000,0.24525199205,855.870631224898,4390751.72802533,423.689366019179
1599782400,0.237129369169,2252.10026854512,4245544.16895174,408.189505629533
1599868800,0.226009571494,577.212980458288,4046656.83539736,387.530229422429
1599955200,0.224177583287,303.889196607544,4014104.14460764,388.822068772809
1600041600,0.247986255599,721.382523396903,4440740.58760146,415.767074085003
1600128000,0.206255668237,124.277988139345,3693685.11824574,342.104459639316
1600214400,0.243246231563,391.634937139411,4356340.0391769,396.936476292436
1600300800,0.238506741225,22.4007593218557,4271660.9035314,390.142007794515
1600387200,0.22710009757,751.408683886909,4067571.70374422,371.651502654324
1600473600,0.238930872203,660.576375536833,4279685.68078987,385.753746788207
1600560000,0.231358137202,1121.14663049888,4144247.77209663,378.87592819578
1600646400,0.212770279258,432.960669647314,3811484.62275774,364.307982700195
1600732800,0.225646920376,499.85560983264,4042345.0096893,383.580226959751
1600819200,0.1996867,8163.39123035,3577373.80778095,349.141975179048
1600905600,0.21056869,5510.11253658,3772518.04326132,350.603600881407
1600992000,0.20021403,553.32692865,3587185.8670061,335.479354110566
1601078400,0.20536626,101.39371759,3679677.46848196,342.272533886068
1601164800,0.15811089,13.04031744,2833116.35716744,262.927665517939
1601251200,0.2246176,709.04388864,4025021.6108113,375.831224943003
1601337600,0.20964077,1056.63027013,3756832.25786355,346.422925159681
1601424000,0.21652409,145.61655278,3880375.2838544,359.810679116218
1601510400,0.18597861,158.27577025,3333130.13392703,313.870260129839
1601596800,0.19539662,1044.3397301,3502098.24155814,331.137146075893
1601683200,0.1997818,95.99889336,3580872.73354421,339.440805682296
1601769600,0.19808801,301.50202622,3550684.48882703,332.785703676806
1601856000,0.18991537,197.47029526,3404356.15672266,315.412683165552
1601942400,0.19241136,1010.68789209,3449272.10383543,325.267824923098
1602028800,0.18805051,560.41970902,3371264.0313309,315.987801357307
1602115200,0.19271394,102.7638676,3455057.08675238,316.522225188263
1602201600,0.19930902,528.50049333,3573464.9424966,322.96792863675
1602288000,0.20056272,544.30066115,3596135.91884305,318.344618924037
1602374400,0.22559413,28.22351537,4045164.2005072,355.332004192493
1602460800,0.20034885,703.2640054,3592708.77528647,310.912668110691
1602547200,0.19834566,68.64804376,3556974.54762365,311.308059336723
1602633600,0.20164998,327.75324468,3616421.84565078,316.411010092169
1602720000,0.20465259,599.8571645,3670447.68139557,319.298488703988
1602806400,0.20085588,479.81418699,3602541.23451882,318.186031798319
1602892800,0.20504232,77.65510762,3677823.60687703,323.806193697715
1602979200,0.20091687,157.07133818,3604060.60570683,313.850709373474
1603065600,0.21575413,139.52939346,3870251.50244934,329.606480549246
1603152000,0.2082893,40.66693424,3736362.44420239,313.549633601961
1603238400,0.2371673,1350.52173623,4254391.76773701,331.760357154986
1603324800,0.21479575,2073.64112764,3853082.91088151,297.170701783307
1603411200,0.21558987,368.1870429,3867443.35643193,299.07062092816
1603497600,0.21554027,477.92231232,3866703.17568618,294.986619731764
1603584000,0.21452602,483.83574733,3848687.23810374,295.344620786684
1603670400,0.20735962,1131.11325488,3720293.3054381,284.529472008667
1603756800,0.2144782,1885.53449714,3848176.83723805,281.830614775676
1603843200,0.21170886,500.29047569,3798659.24547862,286.23145741861
1603929600,0.21104559,224.84272668,3786937.44192621,281.810555712443
1604016000,0.20159536,501.56860392,3617538.84488858,267.045578495514
1604102400,0.21479211,412.27779773,3854531.27198659,279.69906463582
1604188800,0.20929091,112.54770525,3755999.10034312,273.419896417535
1604275200,0.20429112,303.61271816,3666440.38145438,270.57623515382
1604361600,0.20172741,230.54319237,3620589.93379999,259.534893045913
1604448000,0.19822059,638.74401741,3557831.25204934,251.726688854624
1604534400,0.21041182,1265.54588741,3776831.05537687,242.417702242958
1604620800,0.20455082,473.16515916,3671789.84161456,235.887058141987
1604707200,0.1989156,199.92802468,3570814.67660627,240.722249719479
1604793600,0.19860557,3498.84068823,3565426.74163841,230.331166494109
1604880000,0.19458453,159.06868962,3493400.07823878,227.845566562456
1604966400,0.19143627,723.53315448,3437047.12059145,224.777261042811
1605052800,0.19058986,494.06157662,3421996.18119492,217.942947529531
1605139200,0.19181582,1088.3282656,3444159.74360027,211.605242724731
1605225600,0.21024082,417.9070339,3775182.71073124,231.353549322841
1605312000,0.20776084,337.27632015,3730842.78356144,232.188859177389
1605398400,0.20831128,85.42141474,3740918.42155601,234.458210480569
1605484800,0.21020335,31.07247315,3775074.12917772,225.834463587884
1605571200,0.19972117,314.16612144,3587003.43434659,203.28256620453
1605657600,0.19302357,114.22951973,3466863.41448906,194.723786966119
1605744000,0.19509259,994.29880484,3504198.1639873,196.676236268785
1605830400,0.19460972,893.88576727,3495695.63219224,187.725502255619
1605916800,0.19657873,888.25327422,3531241.27319363,189.421582716603
1606003200,0.19353054,576.70680656,3476660.05276692,189.257470104237
1606089600,0.19195497,149.13995398,3448523.5293564,187.785919375798
1606176000,0.20130254,671.28351122,3616605.84936889,189.277125477685
1606262400,0.12064897,1354.09071075,2167687.02331613,115.720314052283
1606348800,0.15158678,833.12428345,2723671.86994277,158.808913253897
1606435200,0.13706071,664.81000846,2462784.07578937,143.951732733707
1606521600,0.13177584,364.60003715,2367930.94117993,133.649914316708
1606608000,0.14639254,1681.54229637,2630705.6721937,144.72332017785
1606694400,0.17538462,2491.22415165,3151836.94512175,160.596328833036
1606780800,0.16782085,164.99948159,3016043.15265131,160.402254158647
1606867200,0.17860224,61.52146895,3209940.48545828,167.174892797051
1606953600,0.18124082,371.47529256,3257513.10833239,167.521023512799
1607040000,0.18227955,522.47514924,3276248.74447847,175.202669068268
1607126400,0.16732594,134.15337838,3007627.18740714,157.021558944744
1607212800,0.17054244,55.19160858,3065583.37933051,158.468044888619
1607299200,0.17411585,221.14802235,3129957.32387371,163.08969149768
1607385600,0.1719509,754.24282237,3091189.00676796,168.72248694447
1607472000,0.15225425,1248.25069515,2737232.59862297,147.528565820228
1607558400,0.16358333,658.09967268,2941055.66026094,161.021461249056
1607644800,0.15259063,222.73598382,2743557.02794692,151.922687967403
1607731200,0.20320546,3407.22938918,3653769.00489728,194.311618651656
1607817600,0.17766013,663.22157917,3194613.55466455,166.88693232641
1607904000,0.17888291,191.10352697,3216739.76413888,167.13250119148
1607990400,0.17173696,505.49861672,3088400.53164607,159.055910414485
1608076800,0.18004333,555.79059833,3237942.33945111,151.940475566824
1608163200,0.17497537,240.87978108,3146963.73513275,137.993478970314
1608249600,0.15676889,337.62972323,2819652.39810799,121.862617122798
1608336000,0.14868861,145.68567774,2674440.68998083,112.042719192478
1608422400,0.14747146,1520.87301059,2652679.96627642,112.989161253079
1608508800,0.14251746,1245.41965108,2563692.85219242,112.427472356491
1608595200,0.14916584,265.11646145,2683413.40945614,112.828924614184
1608681600,0.14330758,246.08746328,2578141.26137498,110.929085972956
1608768000,0.13609352,118.09615227,2448493.63587562,103.15548670407
1608854400,0.1447723,360.89949734,2604762.34479456,105.60651057165
1608940800,0.14723463,191.74014552,2649199.1429778,100.207867009439
1609027200,0.14545714,161.06937461,2617349.34834784,99.623932168703
1609113600,0.15573516,64.1823821,2802421.55339969,103.468388957672
1609200000,0.15077198,39.72457514,2713229.20118199,99.158902025417
1609286400,0.16723462,48.22074299,3009604.03382165,104.351749089771
1609372800,0.15353065,471.10647833,2763106.26419634,95.273869056705
1609459200,0.18118856,81.67596314,3261034.28590961,111.017133337458
1609545600,0.10594622,0.0,1906914.46377159,59.355014788045
1609632000,0.18561779,252.46169594,3341061.96702705,101.917499020892
1609718400,0.18069222,82.00810282,3252547.16925545,101.731383683187
1609804800,0.31812644,6856.68775333,5726735.20399832,168.470903361594
1609891200,0.30797296,6226.31088873,5544205.11750066,150.558061492663
1609977600,0.31396298,4661.96041221,5652309.32844136,143.565151881375
1610064000,0.2802264,4846.40047984,5045164.10678651,123.663218453465
1610150400,0.22510092,4812.22609993,4052857.29300695,100.680737801261
1610236800,0.2122497,5412.44086117,3821614.0947259,99.634220616371
1610323200,0.21516576,464.24170725,3874295.15238869,108.930537647151
1610409600,0.18733466,70.44853084,3373327.50152766,99.440836885317
1610496000,0.25103093,171.18549618,4520507.59743727,121.140096876619
1610582400,0.21434756,1026.79173453,3860095.77769884,98.503670238099
1610668800,0.22107647,362.58664996,3981480.06826083,108.117873895831
1610755200,0.21911554,129.79560265,3946327.64740266,109.080448965019
1610841600,0.215966,3022.15772714,3889805.00053085,108.680250434805
1610928000,0.23134723,526.5691305,4167049.78809802,113.76034431588
1611014400,0.23040454,3998.98801812,4150257.83506443,115.061829872599
1611100800,0.22479096,132.43831257,4049330.99680622,113.912441891158
1611187200,0.22853076,1081.1953794,4116909.01835523,133.554440734696
1611273600,0.23997356,1087.26106655,4323246.96720187,130.984603060304
1611360000,0.25591151,1184.6247337,4610611.24013191,143.777669747466
1611446400,0.22718416,585.85451528,4093258.26863557,126.767948495482
1611532800,0.22899529,339.05279829,4126079.75100071,127.480378377679
1611619200,0.26387933,2568.54596871,4754879.04104911,145.99020317926
1611705600,0.21957513,2108.32876176,3956729.66076274,130.016374811142
1611792000,0.2398279,1230.39,4321888.04,129.142273812696
1611878400,0.23713794,4120.72,4273598.84,124.53521895992
1611964800,0.2283244,1599.23,4114948.3,120.076029820582
1612051200,0.22976302,1061.29,4141045.37,125.052861898443
1612137600,0.22279115,627.05,4015581.1,119.735218213206
1612224000,0.24521633,423.79,4419973.38,124.470220215609
1612310400,0.25154252,448.55,4534208.74,121.002297453511
1612396800,0.26874029,1478.19,4844448.11,131.193187996743
1612483200,0.26621108,1738.19,4799086.09,125.813946495017
1612569600,0.27280992,1217.92,4918270.07,125.255148131459
1612656000,0.24121361,454.08,4348836.74,111.785390847445
1612742400,0.37286627,9371.13,6722703.05,145.524186702953
1612828800,0.44488462,14127.05,8021561.49,172.576834665128
1612915200,0.36534102,6228.75,6587635.19,146.65853646069
1613001600,0.38629772,1781.19,6965865.34,145.39684268122
1613088000,0.38153541,4080.8,6880304.89,144.833729181925
1613174400,0.3878114,2133.43,6993811.9,148.471178175767
1613260800,0.38719933,3065.58,6983104.78,143.339348671344
1613347200,0.33803429,2243.04,6096697.73,127.160083692031
1613433600,0.37429209,2242.3,6750980.11,137.215407138778
1613520000,0.3875438,2894.15,6990283.02,134.044406218444
1613606400,0.42382497,2120.49,7645068.01,147.9314676732
1613692800,0.61051447,10637.1,11013172.54,197.057444128785
1613779200,0.6807797,12637.13,12281335.82,218.920508912891
1613865600,0.68073141,12224.8,12280776.29,213.4304584064
1613952000,0.6014383,4494.73,10850976.86,200.175487755356
1614038400,0.48814693,1410.25,8807366.5,180.388521773965
1614124800,0.43078686,8118.4,7772842.77,156.378452534125
1614211200,0.41124067,2780.31,7420542.92,157.569244926731
1614297600,0.4191522,3714.67,7563659.69,163.221818645707
1614384000,0.40348041,8512.38,7281190.43,157.640933080781
1614470400,0.45606323,823.88,8230482.47,182.341360720526
1614556800,0.3922404,930.36,7079011.86,142.632179744123
1614643200,0.3921636,2054.86,0.0,0.0
1614729600,0.3935889,834.97,0.0,0.0
1614816000,0.39381094,266.02,0.0,0.0
1614902400,0.39368969,10083.15,0.0,0.0
1614988800,0.40198326,3183.11,0.0,0.0
1615075200,0.43501977,1814.21,0.0,0.0
1615161600,0.49178837,5988.8,0.0,0.0
1615248000,0.55089366,1990.32,0.0,0.0
1615334400,0.52122294,721.3,0.0,0.0
1615420800,0.47185273,1574.16,0.0,0.0
1615507200,0.46804423,1905.89,0.0,0.0
1615593600,0.49076015,669.65,0.0,0.0
1615680000,0.47602104,2953.24,0.0,0.0
1615766400,0.48470937,4007.5,0.0,0.0
1615852800,0.46242007,1575.65,0.0,0.0
1615939200,0.48721542,3120.93,0.0,0.0
1616025600,0.46963057,518.93,0.0,0.0
1616112000,0.44349848,2844.23,0.0,0.0
1616198400,0.46045896,3882.86,0.0,0.0
1616284800,0.42967137,3990.54,0.0,0.0
1616371200,0.43814086,1480.13,0.0,0.0
1616457600,0.42942663,4835.94,0.0,0.0
1616544000,0.41549764,1059.45,0.0,0.0
1616630400,0.40108659,832.76,0.0,0.0
1616716800,0.48680822,3183.43,0.0,0.0
1616803200,0.45870736,4374.14,0.0,0.0
1616889600,0.47375799,2528.58,0.0,0.0
1616976000,0.46590995,6983.92,0.0,0.0
1617062400,0.94122867,7201.12,0.0,0.0
1617148800,0.54253239,6045.01,0.0,0.0
1617235200,0.50266539,3189.62,0.0,0.0
1617321600,0.53687109,4441.09,0.0,0.0
1617408000,0.51398039,2878.93,0.0,0.0
1617494400,0.48844501,4642.43,0.0,0.0
1617580800,0.47241365,7056.73,0.0,0.0
1617667200,0.48205739,2787.57,0.0,0.0
1617753600,0.48290986,1741.62,0.0,0.0
1617840000,0.46277198,3051.75,0.0,0.0
1617926400,0.4407324,10704.61,0.0,0.0
1618012800,0.48161499,10656.35,0.0,0.0
1618099200,0.46282152,2589.16,0.0,0.0
1618185600,0.47302415,2407.18,0.0,0.0
1618272000,0.45023804,2199.43,0.0,0.0
1618358400,0.43894981,2663.71,0.0,0.0
1618444800,0.43294145,4329.22,0.0,0.0
1618531200,0.45048334,4521.56,0.0,0.0
1618617600,0.48243501,1568.86,0.0,0.0
1618704000,0.43462225,2687.62,0.0,0.0
1618790400,0.46401439,5931.61,0.0,0.0
1618876800,0.42509625,3893.34,0.0,0.0
1618963200,0.41765656,1194.92,0.0,0.0
1619049600,0.41351103,3080.43,0.0,0.0
1619136000,0.42949008,8368.71,0.0,0.0
1619222400,0.39939177,2478.75,0.0,0.0
1619308800,0.40303353,8121.18,0.0,0.0
1619395200,0.45315901,7013.33,0.0,0.0
1619481600,0.47842887,21108.65,0.0,0.0
1619568000,0.44941143,60058.71,0.0,0.0
1619654400,0.44743554,43690.18,0.0,0.0
1619740800,0.48477298,42400.29,0.0,0.0
1619827200,0.46527402,245257.2,0.0,0.0
1619913600,0.43007327,41514.24,0.0,0.0
1620000000,0.48134776,57781.11,0.0,0.0
1620086400,0.48474302,13320.48,0.0,0.0
1620172800,0.51204979,19169.42,0.0,0.0
1620259200,0.52424844,89786.68,0.0,0.0
1620345600,0.51669539,54162.39,0.0,0.0
1620432000,0.63126113,326330.15,0.0,0.0
1620518400,0.80068451,129921.57,0.0,0.0
1620604800,0.74835126,5352.99,0.0,0.0
1620691200,0.73765609,840992.6,0.0,0.0
1620777600,0.78330918,212506.9,0.0,0.0
1620864000,0.62875069,83515.18,0.0,0.0
1620950400,0.98939592,131301.15,0.0,0.0
1621036800,0.62013813,111803.39,0.0,0.0
1621123200,0.64960401,516802.11,0.0,0.0
1621209600,0.64161987,1283144.36,0.0,0.0
1621296000,0.60877205,57958.15,0.0,0.0
1621382400,0.70586159,89771.86,0.0,0.0
1621468800,0.50277435,683056.15,0.0,0.0
1621555200,0.46505309,868866.56,8425150.98,225.846968071145
1621641600,0.49674222,295020.64,8999248.21,239.745756185125
1621728000,0.39338848,152467.54,7126836.53,204.967407632806
1621814400,0.47803877,121797.4,8660406.5,223.748547391559
1621900800,0.43496188,59097.83,7880002.49,205.19650844558
1621987200,0.5090466,68239.43,9222160.84,234.695225518276
1622073600,0.48875275,377149.1,8854506.59,230.364341016864
1622160000,0.52811325,307748.91,9567582.56,268.017478825318
1622246400,0.53835766,84762.27,9753175.71,281.752854467597
1622332800,0.48534304,222268.54,8792734.6,246.446067558204
1622419200,0.523497,35718.45,9483952.14,254.037692003834
1622505600,0.5358164,87917.13,9707137.03,264.608347487593
1622592000,0.50024625,301183.36,9062729.06,241.189244594802
1622678400,0.74572127,268018.3,13509885.96,344.562902215253
1622764800,0.71127652,456081.99,12885866.44,349.26341911248
1622851200,0.63588944,217130.07,11520113.84,324.035983621631
1622937600,0.64743689,52360.79,11729313.61,327.064578657708
1623024000,0.59599792,266808.78,10797417.65,321.727953950305
1623110400,0.60365505,99341.01,10936138.31,326.718805639471
1623196800,0.61592558,901978.27,11158437.8,298.792382984649
1623283200,0.63619071,718066.85,11525571.79,314.026035437703
1623369600,0.5893817,49959.29,10677554.62,285.997759998915
1623456000,0.5963457,34875.22,10803718.16,303.8805376425
1623542400,0.5845557,3379.95,10590124.17,270.861991008032
1623628800,0.59639995,3409.28,10804700.94,268.650179226312
1623715200,0.59862784,197965.08,10845062.64,268.400498405664
1623801600,0.57632031,88453.84,10440927.43,272.274500964777
1623888000,0.514932,207339.0,9328783.99,245.14913926355
1623974400,0.50321492,238367.63,9116511.03,254.741915701867
1624060800,0.48873235,224356.78,8854137.03,248.600899141441
1624147200,0.48815189,559044.61,8843621.13,247.732302520725
1624233600,0.40568938,280997.37,7349686.07,232.021876538822
1624320000,0.3500465,205438.59,6341629.9,195.093095586733
1624406400,0.35718597,345464.88,6470972.33,191.885851838532
1624492800,0.42928882,225453.37,7777226.32,224.370452854253
1624579200,0.40063174,96350.22,7258059.3,229.411143412262
1624665600,0.3215332,47641.13,5825067.67,180.979842850005
1624752000,0.35886352,93218.55,6501363.74,187.631473779651
1624838400,0.37756494,149492.28,6840168.74,198.643847167446
1624924800,0.4135593,50929.4,7492261.85,208.885595856551
1625011200,0.39356896,66319.37,7130106.2,203.479895032567
1625097600,0.38377751,55841.63,6952718.96,207.098018373267
1625184000,0.42201424,7528.01,7645436.06,225.548732160187
1625270400,0.39453498,2126.33,7147607.03,206.169780877728
1625356800,0.40844591,1061.31,7399624.93,209.693701847559
1625443200,0.38291973,3721.45,6937178.95,205.57039561281
1625529600,0.41168736,6508.6,7458348.76,217.8561971795
1625616000,0.42200705,4625.74,7645305.9,225.822838237349
1625702400,0.36535724,781.91,6619007.55,201.324099380325
1625788800,0.36400969,797.86,6594594.62,195.117827333628
1625875200,0.35822552,355494.25,6489805.36,193.606940399992
1625961600,0.35466782,203611.28,6425352.26,187.655299023623
1626048000,0.35369205,380773.52,6407674.61,193.259266579503
1626134400,0.35260594,312991.66,6387998.06,195.3395159088
1626220800,0.309593,2049.62,5608752.59,170.882120041069
1626307200,0.32116417,328320.68,5818382.09,183.078932268934
1626393600,0.32079935,326754.32,5811772.87,184.961441324183
1626480000,0.32287462,625622.43,5849369.62,185.499540157474
1626566400,0.29809095,629067.36,5400375.34,169.840167115794
1626652800,0.29862431,593562.75,5410037.91,175.548939024065
1626739200,0.34891867,610453.47,6321197.54,212.068434849149
1626825600,0.35463265,667666.2,6424714.99,200.080231770719
1626912000,0.51019181,911228.18,9242908.17,286.042073687288
1626998400,0.39471501,823231.45,7150868.52,212.940382272446
1627084800,0.37894377,753505.78,6865148.35,200.194187452827
1627171200,0.36907075,742973.36,6686283.37,189.144222172936
1627257600,0.40895054,683962.74,7408767.04,198.426791747755
1627344000,0.40146248,777432.03,7273109.31,184.564162985867
1627430400,0.4133907,653942.23,7489207.47,187.249344986747
1627516800,0.42534675,817349.25,7705809.62,192.604700222033
1627603200,0.41699981,816664.81,7554592.03,178.868091708809
1627689600,0.41325854,805190.4,7486813.08,179.858212398108
1627830902,0.41069260594607,771462.42923107,7440327.27,179.839070473251
1627831084,0.41073457580149,772732.91014949,7441087.62,180.016832275315
