Timestamp,Price,Volume,FullyDilluted,CirculatingSupply
1586390400,0.369115986282,0.0,0.0,0.0
1586404800,0.368029331848,0.0,0.0,0.0
1586419200,0.369001271967,0.0,0.0,0.0
1586433600,0.370276784522,0.0,0.0,0.0
1586448000,0.353321845012,0.0,0.0,0.0
1586462400,0.333533651924,0.0,0.0,0.0
1586476800,0.335245453896,0.0,0.0,0.0
1586491200,0.329432893229,0.0,0.0,0.0
1586505600,0.318703335259,0.0,0.0,0.0
1586520000,0.313747364225,0.0,0.0,0.0
1586534400,0.305724363813,0.0,0.0,0.0
1586548800,0.303239917686,0.0,0.0,0.0
1586563200,0.304622553922,0.0,0.0,0.0
1586577600,0.305290869255,0.0,0.0,0.0
1586592000,0.302656635453,0.0,0.0,0.0
1586606400,0.304871959517,0.0,0.0,0.0
1586620800,0.299680514328,0.0,0.0,0.0
1586635200,0.295975700278,0.0,0.0,0.0
1586649600,0.30082424406,0.0,0.0,0.0
1586664000,0.299963431134,0.0,0.0,0.0
1586678400,0.30018927886,0.0,0.0,0.0
1586692800,0.301420891113,0.0,0.0,0.0
1586707200,0.308537430825,0.0,0.0,0.0
1586721600,0.311154963888,0.0,0.0,0.0
1586736000,0.298354036378,0.0,0.0,0.0
1586750400,0.300252183962,0.0,0.0,0.0
1586764800,0.298358601431,0.0,0.0,0.0
1586779200,0.298482109575,0.0,0.0,0.0
1586793600,0.409082639468,0.0,0.0,0.0
1586808000,0.411237483065,0.0,0.0,0.0
1586822400,0.414512595999,0.0,0.0,0.0
1586836800,0.41868390052,0.0,0.0,0.0
1586851200,0.414183598395,0.0,0.0,0.0
1586865600,0.416049800713,0.0,0.0,0.0
1586880000,0.420288476967,0.0,0.0,0.0
1586894400,0.417922593097,0.0,0.0,0.0
1586908800,0.415855691522,0.0,0.0,0.0
1586923200,0.418154043268,0.0,0.0,0.0
1586937600,0.417443628265,0.0,0.0,0.0
1586952000,0.314119525644,0.0,0.0,0.0
1586966400,0.316011350902,0.0,0.0,0.0
1586980800,0.316672054594,0.0,0.0,0.0
1586995200,0.311092104515,0.0,0.0,0.0
1587009600,0.311376948325,0.0,0.0,0.0
1587024000,0.324292819369,0.0,0.0,0.0
1587038400,0.327507173781,0.0,0.0,0.0
1587052800,0.325858362548,0.0,0.0,0.0
1587067200,0.325384916896,0.0,0.0,0.0
1587081600,0.329113729521,0.0,0.0,0.0
1587096000,0.32775907914,0.0,0.0,0.0
1587110400,0.328027336532,0.0,0.0,0.0
1587124800,0.327724498024,0.0,0.0,0.0
1587139200,0.327670290925,0.0,0.0,0.0
1587153600,0.326557625086,0.0,0.0,0.0
1587168000,0.327230414671,0.0,0.0,0.0
1587182400,0.327929132864,0.0,0.0,0.0
1587196800,0.329044028096,0.0,0.0,0.0
1587211200,0.329787333294,0.0,0.0,0.0
1587225600,0.331693549238,0.0,0.0,0.0
1587240000,0.333117404726,0.0,0.0,0.0
1587254400,0.334920532762,0.0,0.0,0.0
1587268800,0.331343763291,0.0,0.0,0.0
1587283200,0.332182592612,0.0,0.0,0.0
1587297600,0.329912302706,0.0,0.0,0.0
1587312000,0.331159204612,0.0,0.0,0.0
1587326400,0.329561828685,0.0,0.0,0.0
1587340800,0.331973050676,0.0,0.0,0.0
1587355200,0.331973708155,0.0,0.0,0.0
1587369600,0.331599178241,0.0,0.0,0.0
1587384000,0.327708462062,0.0,0.0,0.0
1587398400,0.287048278771,0.0,0.0,0.0
1587412800,0.27748184596,0.0,0.0,0.0
1587427200,0.278903244175,0.0,0.0,0.0
1587441600,0.278119080199,0.0,0.0,0.0
1587456000,0.280828443581,0.0,0.0,0.0
1587470400,0.277161355711,0.0,0.0,0.0
1587484800,0.277535720854,0.0,0.0,0.0
1587499200,0.277164695932,0.0,0.0,0.0
1587513600,0.277440514645,0.0,0.0,0.0
1587528000,0.278963332858,0.0,0.0,0.0
1587542400,0.279490288623,0.0,0.0,0.0
1587556800,0.281877025298,0.0,0.0,0.0
1587571200,0.286559998025,0.0,0.0,0.0
1587585600,0.280441290889,0.0,0.0,0.0
1587600000,0.283146912554,0.0,0.0,0.0
1587614400,0.282624716832,0.0,0.0,0.0
1587628800,0.281118255554,0.0,0.0,0.0
1587643200,0.28439219711,0.0,0.0,0.0
1587657600,0.291583996182,0.0,0.0,0.0
1587672000,0.288854451116,0.0,0.0,0.0
1587686400,0.29509808933,0.0,0.0,0.0
1587700800,0.291767021948,0.0,0.0,0.0
1587715200,0.295617636541,0.0,0.0,0.0
1587729600,0.293581259273,0.0,0.0,0.0
1587744000,0.28270204196,0.0,0.0,0.0
1587758400,0.281833710357,0.0,0.0,0.0
1587772800,0.282980095814,0.0,0.0,0.0
1587787200,0.280988184077,0.0,0.0,0.0
1587801600,0.28496002001,0.0,0.0,0.0
1587816000,0.286076885445,0.0,0.0,0.0
1587830400,0.286946486106,0.0,0.0,0.0
1587844800,0.286551263073,0.0,0.0,0.0
1587859200,0.286695234806,0.0,0.0,0.0
1587873600,0.289047334238,0.0,0.0,0.0
1587888000,0.286718714926,0.0,0.0,0.0
1587902400,0.287327085935,0.0,0.0,0.0
1587916800,0.285357008491,0.0,0.0,0.0
1587931200,0.285824026336,0.0,0.0,0.0
1587945600,0.289249505803,0.0,0.0,0.0
1587960000,0.288588139046,0.0,0.0,0.0
1587974400,0.286052691673,0.0,0.0,0.0
1587988800,0.286464703123,0.0,0.0,0.0
1588003200,0.28519492158,0.0,0.0,0.0
1588017600,0.285008787477,0.0,0.0,0.0
1588032000,0.285564239939,0.0,0.0,0.0
1588046400,0.286262883742,0.0,0.0,0.0
1588060800,0.285639047305,0.0,0.0,0.0
1588075200,0.287008026717,0.0,0.0,0.0
1588089600,0.28632838915,0.0,0.0,0.0
1588104000,0.288456101222,0.0,0.0,0.0
1588118400,0.287955065647,0.0,0.0,0.0
1588132800,0.289164771258,0.0,0.0,0.0
1588147200,0.291899829746,0.0,0.0,0.0
1588161600,0.297060280213,0.0,0.0,0.0
1588176000,0.308149442383,0.0,0.0,0.0
1588190400,0.311063014693,0.0,0.0,0.0
1588204800,0.31409749026,0.0,0.0,0.0
1588219200,0.323122867199,0.0,0.0,0.0
1588233600,0.315842739021,0.0,0.0,0.0
1588248000,0.264033345689,0.0,0.0,0.0
1588262400,0.265020402141,0.0,0.0,0.0
1588276800,0.266727135776,0.0,0.0,0.0
1588291200,0.263185078627,0.0,0.0,0.0
1588305600,0.261789564354,0.0,0.0,0.0
1588320000,0.263948226041,0.0,0.0,0.0
1588334400,0.267123907026,0.0,0.0,0.0
1588348800,0.266389390448,0.0,0.0,0.0
1588363200,0.265608727149,0.0,0.0,0.0
1588377600,0.268132499999,0.0,0.0,0.0
1588392000,0.267705075537,0.0,0.0,0.0
1588406400,0.265888593132,0.0,0.0,0.0
1588420800,0.256716974802,0.0,0.0,0.0
1588435200,0.2535972539,0.0,0.0,0.0
1588449600,0.253848774154,0.0,0.0,0.0
1588464000,0.257674689096,0.0,0.0,0.0
1588478400,0.258307396929,0.0,0.0,0.0
1588492800,0.25722666026,0.0,0.0,0.0
1588507200,0.253602102683,0.0,0.0,0.0
1588521600,0.25374444953,0.0,0.0,0.0
1588536000,0.253445122605,0.0,0.0,0.0
1588550400,0.25340629276,0.0,0.0,0.0
1588564800,0.251071051633,0.0,0.0,0.0
1588579200,0.24946331985,0.0,0.0,0.0
1588593600,0.251782050724,0.0,0.0,0.0
1588608000,0.271113456715,0.0,0.0,0.0
1588622400,0.270053892706,0.0,0.0,0.0
1588636800,0.269348407944,0.0,0.0,0.0
1588651200,0.271672892691,0.0,0.0,0.0
1588665600,0.268639750539,0.0,0.0,0.0
1588680000,0.332524581291,0.0,0.0,0.0
1588694400,0.332008176311,0.0,0.0,0.0
1588708800,0.33361684332,0.0,0.0,0.0
1588723200,0.331488850329,0.0,0.0,0.0
1588737600,0.330050755845,0.0,0.0,0.0
1588752000,0.332409744909,0.0,0.0,0.0
1588766400,0.337712707497,0.0,0.0,0.0
1588780800,0.338989497348,0.0,0.0,0.0
1588795200,0.339184154525,0.0,0.0,0.0
1588809600,0.337292611247,0.0,0.0,0.0
1588824000,0.339605504837,0.0,0.0,0.0
1588838400,0.34134957249,0.0,0.0,0.0
1588852800,0.344349950459,0.0,0.0,0.0
1588867200,0.342506662516,0.0,0.0,0.0
1588881600,0.355516518747,0.0,0.0,0.0
1588896000,0.359794090162,0.0,0.0,0.0
1588910400,0.361487549899,0.0,0.0,0.0
1588924800,0.3569276644,0.0,0.0,0.0
1588939200,0.357792231254,0.0,0.0,0.0
1588953600,0.362246931921,0.0,0.0,0.0
1588968000,0.347099391802,0.0,0.0,0.0
1588982400,0.359889044545,0.0,0.0,0.0
1588996800,0.360165492581,0.0,0.0,0.0
1589011200,0.352363698893,0.0,0.0,0.0
1589025600,0.352816748966,0.0,0.0,0.0
1589040000,0.353728378127,0.0,0.0,0.0
1589054400,0.350658607985,0.0,0.0,0.0
1589068800,0.324960262178,0.0,0.0,0.0
1589083200,0.315493564477,0.0,0.0,0.0
1589097600,0.324701072428,0.0,0.0,0.0
1589112000,0.322651881329,0.0,0.0,0.0
1589126400,0.309466307759,0.0,0.0,0.0
1589140800,0.317861605838,0.0,0.0,0.0
1589155200,0.324606593645,0.0,0.0,0.0
1589169600,0.320973053472,0.0,0.0,0.0
1589184000,0.316636799029,0.0,0.0,0.0
1589198400,0.324806892021,0.0,0.0,0.0
1589212800,0.31833635536,0.0,0.0,0.0
1589227200,0.316489817437,0.0,0.0,0.0
1589241600,0.323166564695,0.0,0.0,0.0
1589256000,0.327588748445,0.0,0.0,0.0
1589270400,0.314213599561,0.0,0.0,0.0
1589284800,0.313930102749,0.0,0.0,0.0
1589299200,0.31733168229,0.0,0.0,0.0
1589313600,0.312293606657,0.0,0.0,0.0
1589328000,0.314831794741,0.0,0.0,0.0
1589342400,0.316309174384,0.0,0.0,0.0
1589356800,0.318033812428,0.0,0.0,0.0
1589371200,0.322135430719,0.0,0.0,0.0
1589385600,0.322408757434,0.0,0.0,0.0
1589400000,0.327345842425,0.0,0.0,0.0
1589414400,0.329034251097,0.0,0.0,0.0
1589428800,0.330822619311,0.0,0.0,0.0
1589443200,0.333660574841,0.0,0.0,0.0
1589457600,0.339643648212,0.0,0.0,0.0
1589472000,0.336625911455,0.0,0.0,0.0
1589486400,0.342335952126,0.0,0.0,0.0
1589500800,0.342218033713,0.0,0.0,0.0
1589515200,0.329358163078,0.0,0.0,0.0
1589529600,0.336886260899,0.0,0.0,0.0
1589544000,0.33595033236,0.0,0.0,0.0
1589558400,0.33307994713,0.0,0.0,0.0
1589572800,0.326385496204,0.0,0.0,0.0
1589587200,0.33083445288,0.0,0.0,0.0
1589601600,0.334210059046,0.0,0.0,0.0
1589616000,0.333204046017,0.0,0.0,0.0
1589630400,0.332198213109,0.0,0.0,0.0
1589644800,0.329905272675,0.0,0.0,0.0
1589659200,0.328096380738,0.0,0.0,0.0
1589673600,0.32916930659,0.0,0.0,0.0
1589688000,0.331743465365,0.0,0.0,0.0
1589702400,0.331823704218,0.0,0.0,0.0
1589716800,0.342711022703,0.0,0.0,0.0
1589731200,0.340916440505,0.0,0.0,0.0
1589745600,0.340403259294,0.0,0.0,0.0
1589760000,0.340784706808,0.0,0.0,0.0
1589774400,0.345515776158,0.0,0.0,0.0
1589788800,0.293104921046,0.0,0.0,0.0
1589803200,0.292270067596,0.0,0.0,0.0
1589817600,0.292367791983,0.0,0.0,0.0
1589832000,0.293546382043,0.0,0.0,0.0
1589846400,0.29106315802,0.0,0.0,0.0
1589860800,0.290421393503,0.0,0.0,0.0
1589875200,0.297594842751,0.0,0.0,0.0
1589889600,0.293865359564,0.0,0.0,0.0
1589904000,0.294432690609,0.0,0.0,0.0
1589918400,0.293599288257,0.0,0.0,0.0
1589932800,0.295637163517,0.0,0.0,0.0
1589947200,0.297073008022,0.0,0.0,0.0
1589961600,0.385399530615,0.0,0.0,0.0
1589976000,0.516678012828,0.0,0.0,0.0
1589990400,0.503136032643,0.0,0.0,0.0
1590004800,0.508986648681,0.0,0.0,0.0
1590019200,0.510649306863,0.0,0.0,0.0
1590033600,0.507649683126,0.0,0.0,0.0
1590048000,0.503038902647,0.0,0.0,0.0
1590062400,0.502779082954,0.0,0.0,0.0
1590076800,0.487938507554,0.0,0.0,0.0
1590091200,0.485091504035,0.0,0.0,0.0
1590105600,0.487369324675,0.0,0.0,0.0
1590120000,0.483995236157,0.0,0.0,0.0
1590134400,0.49049306023,0.0,0.0,0.0
1590148800,0.494037887104,0.0,0.0,0.0
1590163200,0.446625419463,0.0,0.0,0.0
1590177600,0.446105388325,0.0,0.0,0.0
1590192000,0.492369541659,0.0,0.0,0.0
1590206400,0.497162374335,0.0,0.0,0.0
1590220800,0.444374970352,0.0,0.0,0.0
1590235200,0.443010770369,0.0,0.0,0.0
1590249600,0.444452804447,0.0,0.0,0.0
1590264000,0.446588648971,0.0,0.0,0.0
1590278400,0.471997147265,0.0,0.0,0.0
1590292800,0.472529648014,0.0,0.0,0.0
1590307200,0.474514637868,0.0,0.0,0.0
1590321600,0.464515018208,0.0,0.0,0.0
1590336000,0.436244859657,0.0,0.0,0.0
1590350400,0.461024260647,0.0,0.0,0.0
1590364800,0.424681956204,0.0,0.0,0.0
1590379200,0.425508612214,0.0,0.0,0.0
1590393600,0.452118309509,0.0,0.0,0.0
1590408000,0.425909943061,0.0,0.0,0.0
1590422400,0.452716971149,0.0,0.0,0.0
1590436800,0.457462002901,0.0,0.0,0.0
1590451200,0.429033460109,0.0,0.0,0.0
1590465600,0.434178770108,0.0,0.0,0.0
1590480000,0.459852753577,0.0,0.0,0.0
1590494400,0.429154272638,0.0,0.0,0.0
1590508800,0.42457969691,0.0,0.0,0.0
1590523200,0.428334206539,0.0,0.0,0.0
1590537600,0.42982549116,0.0,0.0,0.0
1590552000,0.428763340178,0.0,0.0,0.0
1590566400,0.424917114658,0.0,0.0,0.0
1590580800,0.430637409908,0.0,0.0,0.0
1590595200,0.433211888515,0.0,0.0,0.0
1590609600,0.432740425805,0.0,0.0,0.0
1590624000,0.435350647531,0.0,0.0,0.0
1590638400,0.433133668415,0.0,0.0,0.0
1590652800,0.433267763367,0.0,0.0,0.0
1590667200,0.442071644233,0.0,0.0,0.0
1590681600,0.443973098452,0.0,0.0,0.0
1590696000,0.446271958977,0.0,0.0,0.0
1590710400,0.451781712584,0.0,0.0,0.0
1590724800,0.445066690666,0.0,0.0,0.0
1590739200,0.443643599298,0.0,0.0,0.0
1590753600,0.443216105502,0.0,0.0,0.0
1590768000,0.445083968267,0.0,0.0,0.0
1590782400,0.408915787146,0.0,0.0,0.0
1590796800,0.448087239697,0.0,0.0,0.0
1590811200,0.452520842331,0.0,0.0,0.0
1590825600,0.456903926553,0.0,0.0,0.0
1590840000,0.45937601357,0.0,0.0,0.0
1590854400,0.457393617768,0.0,0.0,0.0
1590868800,0.45602117299,0.0,0.0,0.0
1590883200,0.418257947006,0.0,0.0,0.0
1590897600,0.418661746748,0.0,0.0,0.0
1590912000,0.42692723201,0.0,0.0,0.0
1590926400,0.424675137831,0.0,0.0,0.0
1590940800,0.347353079514,0.0,0.0,0.0
1590955200,0.278632388439,0.0,0.0,0.0
1590969600,0.253392707802,0.0,0.0,0.0
1590984000,0.25880838276,0.0,0.0,0.0
1590998400,0.261499971063,0.0,0.0,0.0
1591012800,0.287779146853,0.0,0.0,0.0
1591027200,0.289344557393,0.0,0.0,0.0
1591041600,0.279301779991,0.0,0.0,0.0
1591056000,0.276102475709,0.0,0.0,0.0
1591070400,0.270514022085,0.0,0.0,0.0
1591084800,0.264016266814,0.0,0.0,0.0
1591099200,0.267306134763,0.0,0.0,0.0
1591113600,0.322103676599,0.0,0.0,0.0
1591128000,0.279210994615,0.0,0.0,0.0
1591142400,0.272923089357,0.0,0.0,0.0
1591156800,0.263751508513,0.0,0.0,0.0
1591171200,0.252558116127,0.0,0.0,0.0
1591185600,0.249198379782,0.0,0.0,0.0
1591200000,0.24808600357,0.0,0.0,0.0
1591214400,0.249608424944,0.0,0.0,0.0
1591228800,0.249846746124,0.0,0.0,0.0
1591243200,0.288892289201,0.0,0.0,0.0
1591257600,0.276693358277,0.0,0.0,0.0
1591272000,0.266124168829,0.0,0.0,0.0
1591286400,0.268739487319,0.0,0.0,0.0
1591300800,0.2677019598,0.0,0.0,0.0
1591315200,0.26946846902,0.0,0.0,0.0
1591329600,0.262198972034,0.0,0.0,0.0
1591344000,0.261609906262,0.0,0.0,0.0
1591358400,0.295595304875,0.0,0.0,0.0
1591372800,0.297271434728,0.0,0.0,0.0
1591387200,0.318211661018,0.0,0.0,0.0
1591401600,0.302562386128,0.0,0.0,0.0
1591416000,0.313474190167,0.0,0.0,0.0
1591430400,0.3107246307,0.0,0.0,0.0
1591444800,0.29692451372,0.0,0.0,0.0
1591459200,0.293344836723,0.0,0.0,0.0
1591473600,0.293681832612,0.0,0.0,0.0
1591488000,0.294328735384,0.0,0.0,0.0
1591502400,0.29467733757,0.0,0.0,0.0
1591516800,0.293068198872,0.0,0.0,0.0
1591531200,0.289525685392,0.0,0.0,0.0
1591545600,0.286335722375,0.0,0.0,0.0
1591560000,0.294243916037,0.0,0.0,0.0
1591574400,0.293851728045,0.0,0.0,0.0
1591588800,0.296130883339,0.0,0.0,0.0
1591603200,0.296234016403,0.0,0.0,0.0
1591617600,0.294824666496,0.0,0.0,0.0
1591632000,0.292644800946,0.0,0.0,0.0
1591646400,0.287887197679,0.0,0.0,0.0
1591660800,0.285378005217,0.0,0.0,0.0
1591675200,0.289419549929,0.0,0.0,0.0
1591689600,0.288384622843,0.0,0.0,0.0
1591704000,0.283202388022,0.0,0.0,0.0
1591718400,0.282374879385,0.0,0.0,0.0
1591732800,0.284506441185,0.0,0.0,0.0
1591747200,0.28420341044,0.0,0.0,0.0
1591761600,0.280423150716,0.0,0.0,0.0
1591776000,0.281330187331,0.0,0.0,0.0
1591790400,0.285018129267,0.0,0.0,0.0
1591804800,0.281412588202,0.0,0.0,0.0
1591819200,0.287081723237,0.0,0.0,0.0
1591833600,0.287960942888,0.0,0.0,0.0
1591848000,0.288574113718,0.0,0.0,0.0
1591862400,0.286428279465,0.0,0.0,0.0
1591876800,0.282581237233,0.0,0.0,0.0
1591891200,0.275113418121,0.0,0.0,0.0
1591905600,0.270606008972,0.0,0.0,0.0
1591920000,0.270962105398,0.0,0.0,0.0
1591934400,0.270256052376,0.0,0.0,0.0
1591948800,0.276579429991,0.0,0.0,0.0
1591963200,0.275953193881,0.0,0.0,0.0
1591977600,0.275422577755,0.0,0.0,0.0
1591992000,0.275331875146,0.0,0.0,0.0
1592006400,0.274228904152,0.0,0.0,0.0
1592020800,0.273751065677,0.0,0.0,0.0
1592035200,0.273079868902,0.0,0.0,0.0
1592049600,0.277698699962,0.0,0.0,0.0
1592064000,0.27519263438,0.0,0.0,0.0
1592078400,0.271220412979,0.0,0.0,0.0
1592092800,0.27535236696,0.0,0.0,0.0
1592107200,0.274358470421,0.0,0.0,0.0
1592121600,0.271709783968,0.0,0.0,0.0
1592136000,0.272492991272,0.0,0.0,0.0
1592150400,0.273335332742,0.0,0.0,0.0
1592164800,0.273957257375,0.0,0.0,0.0
1592179200,0.272829171201,0.0,0.0,0.0
1592193600,0.26625412093,0.0,0.0,0.0
1592208000,0.263540027085,0.0,0.0,0.0
1592222400,0.26429150629,0.0,0.0,0.0
1592236800,0.270777235094,0.0,0.0,0.0
1592251200,0.27256296416,0.0,0.0,0.0
1592265600,0.275521657952,0.0,0.0,0.0
1592280000,0.278751774908,0.0,0.0,0.0
1592294400,0.275169296412,0.0,0.0,0.0
1592308800,0.277436424323,0.0,0.0,0.0
1592323200,0.275568808041,0.0,0.0,0.0
1592337600,0.275971981737,0.0,0.0,0.0
1592352000,0.27419387202,0.0,0.0,0.0
1592366400,0.276073915656,0.0,0.0,0.0
1592380800,0.275059197662,0.0,0.0,0.0
1592395200,0.275407423238,0.0,0.0,0.0
1592409600,0.273682870869,0.0,0.0,0.0
1592424000,0.269419728915,0.0,0.0,0.0
1592438400,0.268031859612,0.0,0.0,0.0
1592452800,0.267632907667,0.0,0.0,0.0
1592467200,0.269049109984,0.0,0.0,0.0
1592481600,0.267030568793,0.0,0.0,0.0
1592496000,0.261444829508,0.0,0.0,0.0
1592510400,0.254213232752,0.0,0.0,0.0
1592524800,0.249192607828,0.0,0.0,0.0
1592539200,0.240925926674,0.0,0.0,0.0
1592553600,0.237134194092,0.0,0.0,0.0
1592568000,0.227821269027,0.0,0.0,0.0
1592582400,0.224000597088,0.0,0.0,0.0
1592596800,0.223646707161,0.0,0.0,0.0
1592611200,0.22249026357,0.0,0.0,0.0
1592625600,0.22520719176,0.0,0.0,0.0
1592640000,0.217282815296,0.0,0.0,0.0
1592654400,0.219237365221,0.0,0.0,0.0
1592668800,0.218281356101,0.0,0.0,0.0
1592683200,0.219694120147,0.0,0.0,0.0
1592697600,0.219610246504,0.0,0.0,0.0
1592712000,0.220568631638,0.0,0.0,0.0
1592726400,0.22293885994,0.0,0.0,0.0
1592740800,0.223215679102,0.0,0.0,0.0
1592755200,0.222482087431,0.0,0.0,0.0
1592769600,0.220998833172,0.0,0.0,0.0
1592784000,0.216884314046,0.0,0.0,0.0
1592798400,0.47333907728,0.0,0.0,0.0
1592812800,0.220556627785,0.0,0.0,0.0
1592827200,0.220049988877,0.0,0.0,0.0
1592841600,0.223024575851,0.0,0.0,0.0
1592856000,0.22386867695,0.0,0.0,0.0
1592870400,0.22535374347,0.0,0.0,0.0
1592884800,0.225312155165,0.0,0.0,0.0
1592899200,0.226348985886,0.0,0.0,0.0
1592913600,0.231036243531,0.0,0.0,0.0
1592928000,0.272602159736,0.0,0.0,0.0
1592942400,0.275454746513,0.0,0.0,0.0
1592956800,0.273714531205,0.0,0.0,0.0
1592971200,0.275607785634,0.0,0.0,0.0
1592985600,0.271628780257,0.0,0.0,0.0
1593000000,0.268669712937,0.0,0.0,0.0
1593014400,0.259341875335,0.0,0.0,0.0
1593028800,0.260364248537,0.0,0.0,0.0
1593043200,0.258729573309,0.0,0.0,0.0
1593057600,0.254412553792,0.0,0.0,0.0
1593072000,0.254576826929,0.0,0.0,0.0
1593082800,0.255471139126,0.0,0.0,0.0
1593097200,0.252022073108,0.0,0.0,0.0
1593111600,0.252541504007,0.0,0.0,0.0
1593126000,0.255353226601,0.0,0.0,0.0
1593140400,0.254836636281,0.0,0.0,0.0
1593154800,0.246958565992,0.0,0.0,0.0
1593169200,0.247758561974,0.0,0.0,0.0
1593183600,0.246173060176,0.0,0.0,0.0
1593198000,0.247091366223,0.0,0.0,0.0
1593212400,0.247117658735,0.0,0.0,0.0
1593226800,0.245612192213,0.0,0.0,0.0
1593241200,0.248390117606,0.0,0.0,0.0
1593255600,0.246296941796,0.0,0.0,0.0
1593270000,0.245658589201,0.0,0.0,0.0
1593284400,0.242801019037,0.0,0.0,0.0
1593298800,0.245353159793,0.0,0.0,0.0
1593313200,0.478839273992,0.0,0.0,0.0
1593327600,0.244588345438,0.0,0.0,0.0
1593342000,0.244459627556,0.0,0.0,0.0
1593356400,0.246258506653,0.0,0.0,0.0
1593370800,0.245366385211,0.0,0.0,0.0
1593385200,0.245828555007,0.0,0.0,0.0
1593399600,0.243406610628,0.0,0.0,0.0
1593414000,0.245611624054,0.0,0.0,0.0
1593428400,0.247453847323,0.0,0.0,0.0
1593442800,0.246409148099,0.0,0.0,0.0
1593457200,0.247711477709,0.0,0.0,0.0
1593471600,0.245053195526,0.0,0.0,0.0
1593486000,0.248719568519,0.0,0.0,0.0
1593500400,0.244238730438,0.0,0.0,0.0
1593514800,0.247082436502,0.0,0.0,0.0
1593529200,0.24634334401,0.0,0.0,0.0
1593543600,0.245506130419,0.0,0.0,0.0
1593558000,0.246439479766,0.0,0.0,0.0
1593572400,0.248738714801,0.0,0.0,0.0
1593586800,0.245998290139,0.0,0.0,0.0
1593601200,0.247907851012,0.0,0.0,0.0
1593615600,0.493836758921,0.0,0.0,0.0
1593630000,0.243467988419,0.0,0.0,0.0
1593644400,0.242035136936,0.0,0.0,0.0
1593658800,0.23856754114,0.0,0.0,0.0
1593673200,0.238080951073,0.0,0.0,0.0
1593687600,0.228506171785,0.0,0.0,0.0
1593702000,0.222395938227,0.0,0.0,0.0
1593716400,0.215987631072,0.0,0.0,0.0
1593730800,0.216488337461,0.0,0.0,0.0
1593745200,0.213073943133,0.0,0.0,0.0
1593759600,0.212239199053,0.0,0.0,0.0
1593774000,0.213498365342,0.0,0.0,0.0
1593788400,0.210884011859,0.0,0.0,0.0
1593802800,0.208381990338,0.0,0.0,0.0
1593817200,0.209257708028,0.0,0.0,0.0
1593831600,0.207811126198,0.0,0.0,0.0
1593846000,0.208375921131,0.0,0.0,0.0
1593860400,0.204233678579,0.0,0.0,0.0
1593874800,0.202926908317,0.0,0.0,0.0
1593889200,0.204621427494,0.0,0.0,0.0
1593903600,0.203865772494,0.0,0.0,0.0
1593918000,0.202251785407,0.0,0.0,0.0
1593932400,0.202364510153,0.0,0.0,0.0
1593946800,0.196760562817,0.0,0.0,0.0
1593961200,0.197303004967,0.0,0.0,0.0
1593975600,0.194544707642,0.0,0.0,0.0
1593990000,0.191663968796,0.0,0.0,0.0
1594004400,0.193639963341,0.0,0.0,0.0
1594018800,0.195687680147,0.0,0.0,0.0
1594033200,0.194775576831,0.0,0.0,0.0
1594047600,0.193984589051,0.0,0.0,0.0
1594062000,0.196890835885,0.0,0.0,0.0
1594076400,0.190924882259,0.0,0.0,0.0
1594090800,0.190880282238,0.0,0.0,0.0
1594105200,0.191279218737,0.0,0.0,0.0
1594119600,0.190959349217,0.0,0.0,0.0
1594134000,0.193603102268,0.0,0.0,0.0
1594148400,0.189379796159,0.0,0.0,0.0
1594162800,0.192809845691,0.0,0.0,0.0
1594177200,0.192341840604,0.0,0.0,0.0
1594191600,0.192872833727,0.0,0.0,0.0
1594206000,0.189280344307,0.0,0.0,0.0
1594220400,0.191587527548,0.0,0.0,0.0
1594234800,0.191999627973,0.0,0.0,0.0
1594249200,0.191941734324,0.0,0.0,0.0
1594263600,0.192548579999,0.0,0.0,0.0
1594278000,0.18923976483,0.0,0.0,0.0
1594292400,0.192149673427,0.0,0.0,0.0
1594306800,0.191213224181,0.0,0.0,0.0
1594321200,0.189179636925,0.0,0.0,0.0
1594335600,0.191687920881,0.0,0.0,0.0
1594350000,0.189656290292,0.0,0.0,0.0
1594364400,0.191449385606,0.0,0.0,0.0
1594378800,0.190649715711,0.0,0.0,0.0
1594393200,0.190060995944,0.0,0.0,0.0
1594407600,0.193699937172,0.0,0.0,0.0
1594422000,0.192821685292,0.0,0.0,0.0
1594436400,0.187171572938,0.0,0.0,0.0
1594450800,0.189469163712,0.0,0.0,0.0
1594465200,0.189814183617,0.0,0.0,0.0
1594479600,0.190724471021,0.0,0.0,0.0
1594494000,0.189532935309,0.0,0.0,0.0
1594508400,0.190672040041,0.0,0.0,0.0
1594522800,0.190948605596,0.0,0.0,0.0
1594537200,0.188918957148,0.0,0.0,0.0
1594551600,0.19009082425,0.0,0.0,0.0
1594566000,0.18628061095,0.0,0.0,0.0
1594580400,0.191937869928,0.0,0.0,0.0
1594594800,0.194377369209,0.0,0.0,0.0
1594609200,0.189362910995,0.0,0.0,0.0
1594623600,0.189946324926,0.0,0.0,0.0
1594638000,0.188543317802,0.0,0.0,0.0
1594652400,0.18829272452,0.0,0.0,0.0
1594666800,0.188099911444,0.0,0.0,0.0
1594681200,0.188607438044,0.0,0.0,0.0
1594695600,0.188697213914,0.0,0.0,0.0
1594710000,0.187021071032,0.0,0.0,0.0
1594724400,0.187205270014,0.0,0.0,0.0
1594738800,0.186984084194,0.0,0.0,0.0
1594753200,0.188215091216,0.0,0.0,0.0
1594767600,0.187786511162,0.0,0.0,0.0
1594782000,0.190560758941,0.0,0.0,0.0
1594796400,0.104415413044,0.0,0.0,0.0
1594810800,0.104438656197,0.0,0.0,0.0
1594825200,0.104438656197,0.0,0.0,0.0
1594839600,0.104438656197,0.0,0.0,0.0
1594854000,0.104438656197,0.0,0.0,0.0
1594868400,0.104438656197,0.0,0.0,0.0
1594882800,0.104438656197,0.0,0.0,0.0
1594897200,0.104438656197,0.0,0.0,0.0
1594911600,0.104438656197,0.0,0.0,0.0
1594926000,0.104438656197,0.0,0.0,0.0
1594940400,0.104438656197,0.0,0.0,0.0
1594954800,0.104438656197,0.0,0.0,0.0
1594969200,0.104438656197,0.0,0.0,0.0
1594983600,0.104438656197,0.0,0.0,0.0
1594998000,0.104438656197,0.0,0.0,0.0
1595012400,0.104438656197,0.0,0.0,0.0
1595026800,0.104438656197,0.0,0.0,0.0
1595041200,0.104438656197,0.0,0.0,0.0
1595055600,0.104438656197,0.0,0.0,0.0
1595070000,0.104438656197,0.0,0.0,0.0
1595084400,0.104438656197,0.0,0.0,0.0
1595098800,0.104438656197,0.0,0.0,0.0
1595113200,0.104438656197,0.0,0.0,0.0
1595127600,0.104438656197,0.0,0.0,0.0
1595142000,0.104438656197,0.0,0.0,0.0
1595156400,0.104438656197,0.0,0.0,0.0
1595170800,0.104438656197,0.0,0.0,0.0
1595185200,0.104438656197,0.0,0.0,0.0
1595199600,0.104438656197,0.0,0.0,0.0
1595214000,0.104438656197,0.0,0.0,0.0
1595228400,0.104438656197,0.0,0.0,0.0
1595242800,0.104438656197,0.0,0.0,0.0
1595257200,0.104438656197,0.0,0.0,0.0
1595271600,0.104438656197,0.0,0.0,0.0
1595286000,0.104438656197,0.0,0.0,0.0
1595300400,0.104438656197,0.0,0.0,0.0
1595314800,0.104438656197,0.0,0.0,0.0
1595329200,0.104438656197,0.0,0.0,0.0
1595343600,0.104438656197,0.0,0.0,0.0
1595358000,0.104438656197,0.0,0.0,0.0
1595372400,0.104438656197,0.0,0.0,0.0
1595386800,0.104438656197,0.0,0.0,0.0
1595401200,0.104438656197,0.0,0.0,0.0
1595415600,0.104438656197,0.0,0.0,0.0
1595430000,0.104438656197,0.0,0.0,0.0
1595444400,0.104438656197,0.0,0.0,0.0
1595458800,0.104438656197,0.0,0.0,0.0
1595473200,0.104438656197,0.0,0.0,0.0
1595487600,0.104438656197,0.0,0.0,0.0
1595502000,0.104438656197,0.0,0.0,0.0
1595516400,0.104438656197,0.0,0.0,0.0
1595530800,0.104438656197,0.0,0.0,0.0
1595545200,0.104438656197,0.0,0.0,0.0
1595559600,0.104438656197,0.0,0.0,0.0
1595574000,0.104438656197,0.0,0.0,0.0
1595588400,0.104438656197,0.0,0.0,0.0
1595602800,0.104438656197,0.0,0.0,0.0
1595617200,0.104438656197,0.0,0.0,0.0
1595631600,0.104438656197,0.0,0.0,0.0
1595646000,0.104438656197,0.0,0.0,0.0
1595660400,0.104438656197,0.0,0.0,0.0
1595674800,0.104438656197,0.0,0.0,0.0
1595689200,0.104438656197,0.0,0.0,0.0
1595703600,0.104438656197,0.0,0.0,0.0
1595718000,0.104438656197,0.0,0.0,0.0
1595732400,0.104438656197,0.0,0.0,0.0
1595746800,0.104438656197,0.0,0.0,0.0
1595761200,0.104438656197,0.0,0.0,0.0
1595775600,0.104438656197,0.0,0.0,0.0
1595790000,0.104438656197,0.0,0.0,0.0
1595804400,0.104438656197,0.0,0.0,0.0
1595818800,0.104438656197,0.0,0.0,0.0
1595833200,0.104438656197,0.0,0.0,0.0
1595847600,0.104438656197,0.0,0.0,0.0
1595862000,0.104438656197,0.0,0.0,0.0
1595876400,0.104438656197,0.0,0.0,0.0
1595890800,0.104438656197,0.0,0.0,0.0
1595905200,0.104438656197,0.0,0.0,0.0
1595919600,0.104438656197,0.0,0.0,0.0
1595934000,0.104438656197,0.0,0.0,0.0
1595948400,0.104438656197,0.0,0.0,0.0
1595962800,0.104438656197,0.0,0.0,0.0
1595977200,0.104438656197,0.0,0.0,0.0
1595991600,0.104438656197,0.0,0.0,0.0
1596006000,0.104438656197,0.0,0.0,0.0
1596020400,0.104438656197,0.0,0.0,0.0
1596034800,0.104438656197,0.0,0.0,0.0
1596049200,0.104438656197,0.0,0.0,0.0
1596063600,0.104438656197,0.0,0.0,0.0
1596078000,0.104438656197,0.0,0.0,0.0
1596092400,0.104438656197,0.0,0.0,0.0
1596106800,0.104438656197,0.0,0.0,0.0
1596121200,0.104438656197,0.0,0.0,0.0
1596135600,0.104438656197,0.0,0.0,0.0
1596150000,0.104438656197,0.0,0.0,0.0
1596164400,0.104438656197,0.0,0.0,0.0
1596178800,0.104438656197,0.0,0.0,0.0
1596193200,0.104438656197,0.0,0.0,0.0
1596207600,0.104438656197,0.0,0.0,0.0
1596222000,0.104438656197,0.0,0.0,0.0
1596236400,0.104438656197,0.0,0.0,0.0
1596250800,0.104438656197,0.0,0.0,0.0
1596265200,0.104438656197,0.0,0.0,0.0
1596279600,0.104438656197,0.0,0.0,0.0
1596294000,0.104438656197,0.0,0.0,0.0
1596308400,0.104438656197,0.0,0.0,0.0
1596322800,0.104438656197,0.0,0.0,0.0
1596337200,0.104438656197,0.0,0.0,0.0
1596351600,0.104438656197,0.0,0.0,0.0
1596366000,0.104438656197,0.0,0.0,0.0
1596380400,0.104438656197,0.0,0.0,0.0
1596394800,0.104438656197,0.0,0.0,0.0
1596409200,0.104438656197,0.0,0.0,0.0
1596423600,0.104438656197,0.0,0.0,0.0
1596438000,0.104438656197,0.0,0.0,0.0
1596452400,0.104438656197,0.0,0.0,0.0
1596466800,0.104438656197,0.0,0.0,0.0
1596481200,0.104438656197,0.0,0.0,0.0
1596495600,0.104438656197,0.0,0.0,0.0
1596510000,0.104438656197,0.0,0.0,0.0
1596524400,0.104438656197,0.0,0.0,0.0
1596538800,0.104438656197,0.0,0.0,0.0
1596553200,0.104438656197,0.0,0.0,0.0
1596567600,0.104438656197,0.0,0.0,0.0
1596582000,0.104438656197,0.0,0.0,0.0
1596596400,0.104438656197,0.0,0.0,0.0
1596610800,0.104438656197,0.0,0.0,0.0
1596625200,0.104438656197,0.0,0.0,0.0
1596639600,0.104438656197,0.0,0.0,0.0
1596654000,0.104438656197,0.0,0.0,0.0
1596668400,0.104438656197,0.0,0.0,0.0
1596682800,0.104438656197,0.0,0.0,0.0
1596697200,0.104438656197,0.0,0.0,0.0
1596711600,0.104438656197,0.0,0.0,0.0
1596726000,0.104438656197,0.0,0.0,0.0
1596740400,0.104438656197,0.0,0.0,0.0
1596754800,0.104438656197,0.0,0.0,0.0
1596769200,0.104438656197,0.0,0.0,0.0
1596783600,0.104438656197,0.0,0.0,0.0
1596798000,0.104438656197,0.0,0.0,0.0
1596812400,0.104438656197,0.0,0.0,0.0
1596826800,0.104438656197,0.0,0.0,0.0
1596841200,0.104438656197,0.0,0.0,0.0
1596855600,0.104438656197,0.0,0.0,0.0
1596870000,0.104438656197,0.0,0.0,0.0
1596884400,0.104438656197,0.0,0.0,0.0
1596898800,0.104438656197,0.0,0.0,0.0
1596913200,0.104438656197,0.0,0.0,0.0
1596927600,0.104438656197,0.0,0.0,0.0
1596942000,0.104438656197,0.0,0.0,0.0
1596956400,0.104438656197,0.0,0.0,0.0
1596970800,0.104438656197,0.0,0.0,0.0
1596985200,0.104438656197,0.0,0.0,0.0
1596999600,0.104438656197,0.0,0.0,0.0
1597014000,0.104438656197,0.0,0.0,0.0
1597028400,0.104438656197,0.0,0.0,0.0
1597042800,0.104438656197,0.0,0.0,0.0
1597057200,0.104438656197,0.0,0.0,0.0
1597071600,0.104438656197,0.0,0.0,0.0
1597086000,0.237503447578,0.0,0.0,0.0
1597100400,0.237681733786,0.0,0.0,0.0
1597114800,0.236844561241,0.0,0.0,0.0
1597129200,0.235285526548,0.0,0.0,0.0
1597143600,0.234836005734,0.0,0.0,0.0
1597158000,0.230413543209,0.0,0.0,0.0
1597172400,0.229121576592,0.0,0.0,0.0
1597186800,0.229121576592,0.0,0.0,0.0
1597201200,0.229121576592,0.0,0.0,0.0
1597215600,0.229121576592,0.0,0.0,0.0
1597230000,0.249852228182,0.0,0.0,0.0
1597244400,0.252405411798,0.0,0.0,0.0
1597258800,0.252477109561,0.0,0.0,0.0
1597273200,0.251232324273,0.0,0.0,0.0
1597287600,0.251269542835,0.0,0.0,0.0
1597302000,0.250588266694,0.0,0.0,0.0
1597316400,0.25197025711,0.0,0.0,0.0
1597330800,0.250824554648,0.0,0.0,0.0
1597345200,0.251460672494,0.0,0.0,0.0
1597359600,0.25686167365,0.0,0.0,0.0
1597374000,0.256165582974,0.0,0.0,0.0
1597388400,0.255545079374,0.0,0.0,0.0
1597402800,0.255410290283,0.0,0.0,0.0
1597417200,0.2547850682,0.0,0.0,0.0
1597431600,0.256399440032,0.0,0.0,0.0
1597446000,0.117626836815,0.0,0.0,0.0
1597460400,0.118793331692,0.0,0.0,0.0
1597474800,0.11894419919,0.0,0.0,0.0
1597489200,0.25738408788,0.0,0.0,0.0
1597503600,0.257501817602,0.0,0.0,0.0
1597518000,0.257315279343,0.0,0.0,0.0
1597532400,0.257777073093,0.0,0.0,0.0
1597546800,0.258705262218,0.0,0.0,0.0
1597561200,0.257726470669,0.0,0.0,0.0
1597575600,0.257358641475,0.0,0.0,0.0
1597590000,0.257358641475,0.0,0.0,0.0
1597604400,0.257358641475,0.0,0.0,0.0
1597618800,0.257358641475,0.0,0.0,0.0
1597633200,0.257358641475,0.0,0.0,0.0
1597647600,0.257358641475,0.0,0.0,0.0
1597662000,0.257358641475,0.0,0.0,0.0
1597676400,0.257358641475,0.0,0.0,0.0
1597690800,0.257358641475,0.0,0.0,0.0
1597705200,0.257358641475,0.0,0.0,0.0
1597719600,0.257358641475,0.0,0.0,0.0
1597734000,0.257358641475,0.0,0.0,0.0
1597748400,0.257358641475,0.0,0.0,0.0
1597762800,0.257358641475,0.0,0.0,0.0
1597777200,0.257358641475,0.0,0.0,0.0
1597791600,0.257358641475,0.0,0.0,0.0
1597806000,0.257358641475,0.0,0.0,0.0
1597820400,0.257358641475,0.0,0.0,0.0
1597834800,0.257358641475,0.0,0.0,0.0
1597849200,0.254336540363,0.0,0.0,0.0
1597863600,0.25296487402,0.0,0.0,0.0
1597878000,0.253612549242,0.0,0.0,0.0
1597892400,0.253166045209,0.0,0.0,0.0
1597906800,0.253080581741,0.0,0.0,0.0
1597921200,0.255059191973,0.0,0.0,0.0
1597935600,0.256186259126,0.0,0.0,0.0
1597950000,0.25618043307,0.0,0.0,0.0
1597964400,0.256474939476,0.0,0.0,0.0
1597978800,0.256240312216,0.0,0.0,0.0
1597993200,0.255738705427,0.0,0.0,0.0
1598007600,0.255738705427,0.0,0.0,0.0
1598022000,0.255738705427,0.0,0.0,0.0
1598036400,0.255738705427,0.0,0.0,0.0
1598050800,0.255738705427,0.0,0.0,0.0
1598065200,0.255738705427,0.0,0.0,0.0
1598079600,0.255738705427,0.0,0.0,0.0
1598094000,0.255738705427,0.0,0.0,0.0
1598108400,0.255738705427,0.0,0.0,0.0
1598122800,0.255738705427,0.0,0.0,0.0
1598137200,0.255738705427,0.0,0.0,0.0
1598151600,0.255738705427,0.0,0.0,0.0
1598166000,0.255738705427,0.0,0.0,0.0
1598180400,0.255738705427,0.0,0.0,0.0
1598194800,0.255738705427,0.0,0.0,0.0
1598209200,0.255738705427,0.0,0.0,0.0
1598223600,0.255738705427,0.0,0.0,0.0
1598238000,0.255738705427,0.0,0.0,0.0
1598252400,0.255738705427,0.0,0.0,0.0
1598266800,0.255738705427,0.0,0.0,0.0
1598281200,0.255738705427,0.0,0.0,0.0
1598295600,0.255738705427,0.0,0.0,0.0
1598310000,0.255738705427,0.0,0.0,0.0
1598324400,0.255738705427,0.0,0.0,0.0
1598338800,0.255738705427,0.0,0.0,0.0
1598353200,0.255738705427,0.0,0.0,0.0
1598367600,0.255738705427,0.0,0.0,0.0
1598382000,0.255738705427,0.0,0.0,0.0
1598396400,0.255738705427,0.0,0.0,0.0
1598410800,0.255738705427,0.0,0.0,0.0
1598425200,0.255738705427,0.0,0.0,0.0
1598439600,0.244013695007,0.0,0.0,0.0
1598454000,0.244988522191,0.0,0.0,0.0
1598468400,0.244950750173,0.0,0.0,0.0
1598482800,0.24500218244,0.0,0.0,0.0
1598497200,0.244230877927,0.0,0.0,0.0
1598511600,0.244282293187,0.0,0.0,0.0
1598526000,0.24407143852,0.0,0.0,0.0
1598540400,0.218460252972,0.0,0.0,0.0
1598554800,0.216881689155,0.0,0.0,0.0
1598569200,0.217863138885,0.0,0.0,0.0
1598583600,0.219226172386,0.0,0.0,0.0
1598598000,0.219606059268,0.0,0.0,0.0
1598612400,0.221199001122,0.0,0.0,0.0
1598626800,0.222205434606,0.0,0.0,0.0
1598641200,0.222086259692,0.0,0.0,0.0
1598655600,0.222375495713,0.0,0.0,0.0
1598670000,0.221951483177,0.0,0.0,0.0
1598684400,0.223251178304,0.0,0.0,0.0
1598698800,0.221302349231,0.0,0.0,0.0
1598713200,0.221815893793,0.0,0.0,0.0
1598727600,0.22243778694,0.0,0.0,0.0
1598742000,0.221732686153,0.0,0.0,0.0
1598756400,0.224100648235,0.0,0.0,0.0
1598770800,0.223852500134,0.0,0.0,0.0
1598785200,0.223964693288,0.0,0.0,0.0
1598799600,0.224195766289,0.0,0.0,0.0
1598814000,0.224814603874,0.0,0.0,0.0
1598828400,0.226061159955,0.0,0.0,0.0
1598842800,0.246365567284,0.0,0.0,0.0
1598857200,0.244464684837,0.0,0.0,0.0
1598871600,0.248687356378,0.0,0.0,0.0
1598886000,0.249496040545,0.0,0.0,0.0
1598900400,0.250542019999,0.0,0.0,0.0
1598914800,0.249147984954,0.0,0.0,0.0
1598929200,0.254332139952,0.0,0.0,0.0
1598943600,0.262353181204,0.0,0.0,0.0
1598958000,0.264179985981,0.0,0.0,0.0
1598972400,0.270392129561,0.0,0.0,0.0
1598986800,0.268038938019,0.0,0.0,0.0
1599001200,0.267547497926,0.0,0.0,0.0
1599015600,0.225739912489,0.0,0.0,0.0
1599030000,0.223574588199,0.0,0.0,0.0
1599044400,0.216507517274,0.0,0.0,0.0
1599058800,0.215122425845,0.0,0.0,0.0
1599073200,0.216240676654,0.0,0.0,0.0
1599087600,0.216261083498,0.0,0.0,0.0
1599102000,0.215598391417,0.0,0.0,0.0
1599116400,0.216419667601,0.0,0.0,0.0
1599130800,0.213220954124,0.0,0.0,0.0
1599145200,0.201632975467,0.0,0.0,0.0
1599159600,0.202152436029,0.0,0.0,0.0
1599174000,0.192061121052,0.0,0.0,0.0
1599188400,0.193632421677,0.0,0.0,0.0
1599202800,0.193996233506,0.0,0.0,0.0
1599217200,0.196271524984,0.0,0.0,0.0
1599231600,0.0416262081552,0.0,0.0,0.0
1599246000,0.0426633403616,0.0,0.0,0.0
1599260400,0.0448768612256,0.0,0.0,0.0
1599274800,0.0436426052335,0.0,0.0,0.0
1599289200,0.0454941472728,0.0,0.0,0.0
1599303600,0.0466058724074,0.0,0.0,0.0
1599318000,0.0472855329487,0.0,0.0,0.0
1599332400,0.0451537877619,0.0,0.0,0.0
1599346800,0.0457634311674,0.0,0.0,0.0
1599361200,0.0468731572718,0.0,0.0,0.0
1599375600,0.047001606912,0.0,0.0,0.0
1599390000,0.0465112686401,0.0,0.0,0.0
1599404400,0.0467915874463,0.0,0.0,0.0
1599418800,0.0478749140311,0.0,0.0,0.0
1599433200,0.0482419130759,0.0,0.0,0.0
1599447600,0.0483187060828,0.0,0.0,0.0
1599462000,0.0477126993865,0.0,0.0,0.0
1599476400,0.0487943674551,0.0,0.0,0.0
1599490800,0.0489027714622,0.0,0.0,0.0
1599505200,0.0477073737252,0.0,0.0,0.0
1599519600,0.0496360205397,0.0,0.0,0.0
1599534000,0.0499954307912,0.0,0.0,0.0
1599548400,0.0486654096704,0.0,0.0,0.0
1599562800,0.0448733674606,0.0,0.0,0.0
1599577200,0.0449681996098,0.0,0.0,0.0
1599591600,0.0442301169828,0.0,0.0,0.0
1599606000,0.0459590410012,0.0,0.0,0.0
1599620400,0.0427954160341,0.0,0.0,0.0
1599634800,0.044119253038,0.0,0.0,0.0
1599649200,0.0435493596731,0.0,0.0,0.0
1599663600,0.0440711295611,0.0,0.0,0.0
1599678000,0.0452691034676,0.0,0.0,0.0
1599692400,0.0442221507908,0.0,0.0,0.0
1599706800,0.0459946428196,0.0,0.0,0.0
1599721200,0.0464389880112,0.0,0.0,0.0
1599735600,0.0473493503731,0.0,0.0,0.0
1599750000,0.0477743343274,0.0,0.0,0.0
1599764400,0.0484559575157,0.0,0.0,0.0
1599778800,0.0506615566375,0.0,0.0,0.0
1599793200,0.0506945520666,0.0,0.0,0.0
1599807600,0.0517640411403,0.0,0.0,0.0
1599822000,0.0521732913175,0.0,0.0,0.0
1599836400,0.0515687171105,0.0,0.0,0.0
1599850800,0.0498422461783,0.0,0.0,0.0
1599865200,0.0479740791708,0.0,0.0,0.0
1599879600,0.0445525147344,0.0,0.0,0.0
1599894000,0.0430292996491,0.0,0.0,0.0
1599908400,0.0439293600513,0.0,0.0,0.0
1599922800,0.0431600476255,0.0,0.0,0.0
1599937200,0.0447786065859,0.0,0.0,0.0
1599951600,0.04351908941,0.0,0.0,0.0
1599966000,0.0489947124901,0.0,0.0,0.0
1599980400,0.0485642995879,0.0,0.0,0.0
1599994800,0.0471273644445,0.0,0.0,0.0
1600009200,0.0442032202933,0.0,0.0,0.0
1600023600,0.0435098648738,0.0,0.0,0.0
1600038000,0.0409131184822,0.0,0.0,0.0
1600052400,0.039853344662,0.0,0.0,0.0
1600066800,0.0391535930226,0.0,0.0,0.0
1600081200,0.0397029743365,0.0,0.0,0.0
1600095600,0.0402683828951,0.0,0.0,0.0
1600110000,0.0406596842806,0.0,0.0,0.0
1600124400,0.0398213311266,0.0,0.0,0.0
1600138800,0.0347304297391,0.0,0.0,0.0
1600153200,0.0406272309639,0.0,0.0,0.0
1600167600,0.0401455805245,0.0,0.0,0.0
1600182000,0.0421496006555,0.0,0.0,0.0
1600196400,0.0397443471634,0.0,0.0,0.0
1600210800,0.0440216693362,0.0,0.0,0.0
1600225200,0.0444182309448,0.0,0.0,0.0
1600239600,0.0465060280284,0.0,0.0,0.0
1600254000,0.046385801251,0.0,0.0,0.0
1600268400,0.0459760916001,0.0,0.0,0.0
1600282800,0.0502700934516,0.0,0.0,0.0
1600297200,0.0493968928745,0.0,0.0,0.0
1600311600,0.0460301540149,0.0,0.0,0.0
1600326000,0.0465540385286,0.0,0.0,0.0
1600340400,0.0479570297422,0.0,0.0,0.0
1600354800,0.0470752983403,0.0,0.0,0.0
1600369200,0.0459863500986,0.0,0.0,0.0
1600383600,0.0465269106282,0.0,0.0,0.0
1600398000,0.0449325545112,0.0,0.0,0.0
1600412400,0.0434500227711,0.0,0.0,0.0
1600426800,0.0406877638362,0.0,0.0,0.0
1600441200,0.0408591155958,0.0,0.0,0.0
1600455600,0.0418322545284,0.0,0.0,0.0
1600470000,0.0418088136424,0.0,0.0,0.0
1600484400,0.0420718539547,0.0,0.0,0.0
1600498800,0.0428793920034,0.0,0.0,0.0
1600513200,0.046179638463,0.0,0.0,0.0
1600527600,0.0476495752432,0.0,0.0,0.0
1600542000,0.0478387907501,0.0,0.0,0.0
1600556400,0.0435267152921,0.0,0.0,0.0
1600570800,0.0459838731,0.0,0.0,0.0
1600585200,0.0444712615811,0.0,0.0,0.0
1600599600,0.0434127849245,0.0,0.0,0.0
1600614000,0.0421137150502,0.0,0.0,0.0
1600628400,0.0424118075453,0.0,0.0,0.0
1600642800,0.059200409124,0.0,0.0,0.0
1600657200,0.0594372779921,0.0,0.0,0.0
1600671600,0.0589082155365,0.0,0.0,0.0
1600686000,0.0587772494418,0.0,0.0,0.0
1600700400,0.0588901396874,0.0,0.0,0.0
1600714800,0.0604374224048,0.0,0.0,0.0
1600729200,0.0600123363102,0.0,0.0,0.0
1600743600,0.0597489608577,0.0,0.0,0.0
1600758000,0.0585686506547,0.0,0.0,0.0
1600772400,0.0580823966751,0.0,0.0,0.0
1600786800,0.058064263823,0.0,0.0,0.0
1600801200,0.0564696357461,0.0,0.0,0.0
1600815600,0.0557743807688,0.0,0.0,0.0
1600830000,0.05296057140882,3040.56032605,0.0,0.0
1600844400,0.05309424738047,3047.6485667,0.0,0.0
1600858800,0.05269370284094,2992.04174547,0.0,0.0
1600873200,0.0527776567018,2923.90575014,0.0,0.0
1600887600,0.05240753263796,2966.65382583,0.0,0.0
1600902000,0.05356112869778,3212.29647077,0.0,0.0
1600916400,0.05356703021157,3188.08026889,0.0,0.0
1600930800,0.05294661628576,3111.61646395,0.0,0.0
1600945200,0.05148125502645,3108.23577408,0.0,0.0
1600959600,0.05062926180583,3151.64654699,0.0,0.0
1600974000,0.05055551842805,3310.20787247,0.0,0.0
1600988400,0.04886353358673,3336.07774655,0.0,0.0
1601002800,0.04756218328444,3477.87462131,0.0,0.0
1601017200,0.0471893949046,3666.98234506,0.0,0.0
1601031600,0.04555552433531,3593.70414836,0.0,0.0
1601046000,0.0449563491502,3720.97235829,0.0,0.0
1601060400,0.04598226652781,3905.05579208,0.0,0.0
1601074800,0.04726207045984,3947.5328277,0.0,0.0
1601089200,0.04487584268314,3648.97978583,0.0,0.0
1601103600,0.04398167789206,3490.67322174,0.0,0.0
1601118000,0.04433845281821,3541.08583827,0.0,0.0
1601132400,0.04559303332745,3614.48712698,0.0,0.0
1601146800,0.04782544112351,3733.84891173,0.0,0.0
1601161200,0.04707480790258,3729.64073398,0.0,0.0
1601175600,0.04789382278413,3871.22075735,0.0,0.0
1601190000,0.04834437360372,3901.49185316,0.0,0.0
1601204400,0.04956197669518,3924.83904709,0.0,0.0
1601218800,0.04771706833205,3748.13509324,0.0,0.0
1601233200,0.04721743995022,3686.70663319,0.0,0.0
1601247600,0.04629072690272,3520.72545518,0.0,0.0
1601262000,0.0463986761244,3514.82446236,0.0,0.0
1601276400,0.04719324455018,3570.71555919,0.0,0.0
1601290800,0.04725951238347,3657.76104729,0.0,0.0
1601305200,0.04658657686233,3535.15491706,0.0,0.0
1601319600,0.04620815442906,3497.1732217,0.0,0.0
1601334000,0.04507904755902,3410.97766785,0.0,0.0
1601348400,0.04483048641563,3280.61422509,0.0,0.0
1601362800,0.04559393355023,3333.38965806,0.0,0.0
1601377200,0.04589295966792,3311.02156608,0.0,0.0
1601391600,0.0472769894161,3487.96737741,0.0,0.0
1601406000,0.04604443552953,3413.66958122,0.0,0.0
1601420400,0.04806146480993,3527.23831139,0.0,0.0
1601434800,0.04795116006156,3599.84573835,0.0,0.0
1601449200,0.04679483080349,3553.75364261,0.0,0.0
1601463600,0.04773731156127,3655.60184496,0.0,0.0
1601478000,0.0487009353796,3642.53834849,0.0,0.0
1601492400,0.04859140313383,3572.59451474,0.0,0.0
1601506800,0.05031668306939,3687.36244179,0.0,0.0
1601521200,0.0496416418952,3612.34657443,0.0,0.0
1601535600,0.04910541361182,3670.43289447,0.0,0.0
1601550000,0.04917960906037,3650.51314408,0.0,0.0
1601564400,0.04992745689066,3714.85793311,0.0,0.0
1601578800,0.04965348313124,3723.39974322,0.0,0.0
1601593200,0.04964670646449,3690.40958844,0.0,0.0
1601607600,0.05036221866808,3785.42003375,0.0,0.0
1601622000,0.04997572613975,3670.68349482,0.0,0.0
1601636400,0.04862280562867,3541.817632,0.0,0.0
1601650800,0.05042778163572,3753.88677446,0.0,0.0
1601665200,0.05158546256526,3927.95425885,0.0,0.0
1601679600,0.05124628931832,3953.42164595,0.0,0.0
1601694000,0.05115258238071,3902.86035061,0.0,0.0
1601708400,0.04989731976845,3829.375502,0.0,0.0
1601722800,0.04936773809132,3724.531605,0.0,0.0
1601737200,0.05034178192239,3792.25673959,0.0,0.0
1601751600,0.0523878136674,3769.97864731,0.0,0.0
1601766000,0.05109941662736,3638.39233664,0.0,0.0
1601780400,0.04934752092259,3533.95084689,0.0,0.0
1601794800,0.04943201392243,3530.64449992,0.0,0.0
1601809200,0.05163271078572,3683.65742611,0.0,0.0
1601823600,0.05219719043486,3685.26188634,0.0,0.0
1601838000,0.05207675807656,3822.06194076,0.0,0.0
1601852400,0.05263463144006,3863.81270139,0.0,0.0
1601866800,0.05263694116356,3838.03562184,0.0,0.0
1601881200,0.05143045675766,3630.04393315,0.0,0.0
1601895600,0.050894095765,3460.70382965,0.0,0.0
1601910000,0.05064774722675,3485.52863875,0.0,0.0
1601924400,0.05027704135717,3320.11971255,0.0,0.0
1601938800,0.05018274467923,3318.90556138,0.0,0.0
1601953200,0.04907164936287,3277.89615848,0.0,0.0
1601967600,0.0488706232286,3347.13198242,0.0,0.0
1601982000,0.04913474134764,3506.15203877,0.0,0.0
1601996400,0.04921903968424,3446.52432896,0.0,0.0
1602010800,0.04922677506543,3566.96129679,0.0,0.0
1602025200,0.04783515542021,3519.60388122,0.0,0.0
1602039600,0.04807646389931,3572.18562401,0.0,0.0
1602054000,0.0483051361843,3575.55480591,0.0,0.0
1602068400,0.04914148528325,3689.68385674,0.0,0.0
1602082800,0.05019470977664,3872.64364783,0.0,0.0
1602097200,0.04964179499789,3848.06679231,0.0,0.0
1602111600,0.04877303220265,3760.97538078,0.0,0.0
1602126000,0.04794164337564,3605.13015222,0.0,0.0
1602140400,0.04606424900961,3505.97981497,0.0,0.0
1602154800,0.0467181343716,3578.58979943,0.0,0.0
1602169200,0.0468381437863,3528.19502392,0.0,0.0
1602183600,0.04654878504399,3568.51428326,0.0,0.0
1602198000,0.04591174049477,3490.00339614,0.0,0.0
1602212400,0.0448904138171,3450.8535998,0.0,0.0
1602226800,0.04348711033148,3349.66139721,0.0,0.0
1602241200,0.0434489106725,3327.69900888,0.0,0.0
1602255600,0.04345110145054,3408.1659146,0.0,0.0
1602270000,0.04345671383575,3475.42640532,0.0,0.0
1602284400,0.04447280876492,3634.15058114,0.0,0.0
1602298800,0.04524226766073,3694.00569359,0.0,0.0
1602313200,0.04329743702427,3532.48575591,0.0,0.0
1602327600,0.04321736063081,3516.05983214,0.0,0.0
1602342000,0.0426068912225,3436.10214206,0.0,0.0
1602356400,0.0428753325203,3441.22577209,0.0,0.0
1602370800,0.0427246040875,3439.91993661,0.0,0.0
1602385200,0.04230590747404,3373.21371996,0.0,0.0
1602399600,0.04254900507484,3370.78850003,0.0,0.0
1602414000,0.04373562861048,3544.6175317,0.0,0.0
1602428400,0.04293489748519,3360.21162798,0.0,0.0
1602442800,0.0424875274848,3354.96881404,0.0,0.0
1602457200,0.04164337559294,3292.60214285,0.0,0.0
1602471600,0.04196005281273,3379.02655643,0.0,0.0
1602486000,0.04280177047975,3582.99561537,0.0,0.0
1602500400,0.04147168369259,3467.41647357,0.0,0.0
1602514800,0.04256905551272,3544.53410755,0.0,0.0
1602529200,0.04141931520923,3414.04050333,0.0,0.0
1602543600,0.04128175233305,3371.88648807,0.0,0.0
1602558000,0.04162226124062,3372.56440629,0.0,0.0
1602572400,0.04050572573872,3193.21141424,0.0,0.0
1602586800,0.03986236731148,3135.5019702,0.0,0.0
1602601200,0.03987510042767,3282.92992284,0.0,0.0
1602615600,0.04036189730171,3427.32446802,0.0,0.0
1602630000,0.04025512871917,3506.10286835,0.0,0.0
1602644400,0.04010501802274,3543.37368038,0.0,0.0
1602658800,0.03955964231465,3557.30703232,0.0,0.0
1602673200,0.0400532072798,3629.7784563,0.0,0.0
1602687600,0.04015691729584,3619.81910914,0.0,0.0
1602702000,0.03999964301172,3530.77456065,0.0,0.0
1602716400,0.03868656153974,3426.33381325,0.0,0.0
1602730800,0.03821797665626,3418.62448349,0.0,0.0
1602745200,0.03705336537038,3250.91799844,0.0,0.0
1602759600,0.03814853400169,3388.07873606,0.0,0.0
1602774000,0.03853164289977,3478.36135515,0.0,0.0
1602788400,0.03894166513733,3505.65279465,0.0,0.0
1602802800,0.03933721675564,3498.36890337,0.0,0.0
1602817200,0.0399893306369,3594.24934619,0.0,0.0
1602831600,0.03954249373609,3609.48113892,0.0,0.0
1602846000,0.03987613647858,3665.32942253,0.0,0.0
1602860400,0.03805414890659,3455.50293448,0.0,0.0
1602874800,0.03851415412518,3479.50581396,0.0,0.0
1602889200,0.0395491631805,3568.84443375,0.0,0.0
1602903600,0.0391536860817,3490.06226188,0.0,0.0
1602918000,0.03932317681156,3488.08491084,0.0,0.0
1602932400,0.03817500148656,3319.33906707,0.0,0.0
1602946800,0.03802549005895,3372.2699853,0.0,0.0
1602961200,0.03864760292345,3437.64161546,0.0,0.0
1602975600,0.03919539634849,3579.59807345,0.0,0.0
1602990000,0.03844753837757,3509.37119312,0.0,0.0
1603004400,0.03751322921524,3384.41250186,0.0,0.0
1603018800,0.03748463011963,3476.81048798,0.0,0.0
1603033200,0.03846635327083,3585.77401879,0.0,0.0
1603047600,0.03818738464949,3653.51648383,0.0,0.0
1603062000,0.03921087529798,3647.63128265,0.0,0.0
1603076400,0.03956008250893,3651.44594398,0.0,0.0
1603090800,0.04122843428923,3755.41344471,0.0,0.0
1603105200,0.04372548062027,3916.04380845,0.0,0.0
1603119600,0.0433596661774,3713.31164528,0.0,0.0
1603134000,0.04283265039052,3616.98256124,0.0,0.0
1603148400,0.04176822816201,3507.36999405,0.0,0.0
1603162800,0.04192816476252,3498.537213,0.0,0.0
1603177200,0.04203902460255,3498.67669621,0.0,0.0
1603191600,0.04144748108086,3416.09842221,0.0,0.0
1603206000,0.04236578223086,3495.41109406,0.0,0.0
1603220400,0.04292219410777,3493.90160573,0.0,0.0
1603234800,0.04391513745994,3530.28767809,0.0,0.0
1603249200,0.04303553772305,3532.79957057,0.0,0.0
1603263600,0.04193267186336,3510.41449545,0.0,0.0
1603278000,0.04533067716142,3708.6076543,0.0,0.0
1603292400,0.04934050455332,4079.99651583,0.0,0.0
1603306800,0.05063489396967,4163.30381502,0.0,0.0
1603321200,0.05259776017165,4212.07245466,0.0,0.0
1603335600,0.05333301137547,4054.83127899,0.0,0.0
1603350000,0.05303759666728,3818.28132568,0.0,0.0
1603364400,0.05294977958118,3757.64258796,0.0,0.0
1603378800,0.0525220634836,3510.13635055,0.0,0.0
1603393200,0.05243113159728,3465.49134255,0.0,0.0
1603407600,0.05267989510234,3503.15194916,0.0,0.0
1603422000,0.05241595129444,3535.57038103,0.0,0.0
1603436400,0.05261474473685,3618.83130288,0.0,0.0
1603450800,0.05251335128426,3664.4242291,0.0,0.0
1603465200,0.05245419610965,3682.03596975,0.0,0.0
1603479600,0.05251296678156,3723.73479169,0.0,0.0
1603494000,0.05267285284134,3729.37786948,0.0,0.0
1603508400,0.05258986060857,3653.59630755,0.0,0.0
1603522800,0.05264932190156,3657.26578107,0.0,0.0
1603537200,0.05270955478236,3601.08244706,0.0,0.0
1603551600,0.05261217552356,3595.31379334,0.0,0.0
1603566000,0.05268488787235,3558.8338642,0.0,0.0
1603580400,0.05231455263798,3582.63236498,0.0,0.0
1603594800,0.05241164338099,3708.69588045,0.0,0.0
1603609200,0.05267609858626,3647.02199808,0.0,0.0
1603623600,0.05205557611556,3710.73165336,0.0,0.0
1603638000,0.0526489460679,3771.92734312,0.0,0.0
1603652400,0.05231094074475,3771.37790191,0.0,0.0
1603666800,0.0523956136237,3746.3830593,0.0,0.0
1603681200,0.0525778583513,3751.30722383,0.0,0.0
1603695600,0.05305184677368,3836.12467585,0.0,0.0
1603710000,0.05269228868362,3738.0210181,0.0,0.0
1603724400,0.05252406000323,3663.55505453,0.0,0.0
1603738800,0.05248480653049,3642.41784193,0.0,0.0
1603753200,0.05284267651071,3650.05208394,0.0,0.0
1603767600,0.05267966072212,3558.78510206,0.0,0.0
1603782000,0.05280749525412,3583.74167802,0.0,0.0
1603796400,0.05297495487003,3643.10201921,0.0,0.0
1603810800,0.05081890962721,3488.11878519,0.0,0.0
1603825200,0.05298506284676,3651.38578109,0.0,0.0
1603839600,0.05291862867986,3604.83158379,0.0,0.0
1603854000,0.05301835380606,3701.09665902,0.0,0.0
1603868400,0.05323009275065,3702.24528308,0.0,0.0
1603882800,0.05314024021824,3682.95889982,0.0,0.0
1603897200,0.05326777214228,3705.44040798,0.0,0.0
1603911600,0.05283334169838,3643.7791616,0.0,0.0
1603926000,0.0529297487244,3751.53930123,0.0,0.0
1603940400,0.05347650348208,3750.12908461,0.0,0.0
1603954800,0.05301192326123,3630.74842111,0.0,0.0
1603969200,0.0530402264412,3649.30607802,0.0,0.0
1603983600,0.05354156858975,3700.90951645,0.0,0.0
1603998000,0.05346590348894,3714.62773165,0.0,0.0
1604012400,0.05352334293843,3665.51016691,0.0,0.0
1604026800,0.05329456050805,3633.32273417,0.0,0.0
1604041200,0.05319542156887,3647.51845889,0.0,0.0
1604055600,0.05311097727835,3553.62051532,0.0,0.0
1604070000,0.05322861277859,3559.32339644,0.0,0.0
1604084400,0.05329915041662,3550.04016828,0.0,0.0
1604098800,0.05300413501371,3490.25493854,0.0,0.0
1604113200,0.05329284928465,3486.49473017,0.0,0.0
1604127600,0.05326327876685,3495.96786269,0.0,0.0
1604142000,0.05330723667132,3610.43846196,0.0,0.0
1604156400,0.05308409165792,3495.49179686,0.0,0.0
1604170800,0.05348756600047,3560.40410516,0.0,0.0
1604185200,0.05327460974973,3631.75650255,0.0,0.0
1604199600,0.05338923907844,3686.13034874,0.0,0.0
1604214000,0.05349133487301,3614.44799917,0.0,0.0
1604228400,0.05351404501966,3579.63490982,0.0,0.0
1604242800,0.053579049766,3628.24811644,0.0,0.0
1604257200,0.05364240870284,3605.45664128,0.0,0.0
1604271600,0.0533101931672,3586.24272886,0.0,0.0
1604286000,0.0531595875301,3579.14216552,0.0,0.0
1604300400,0.05312542235322,3624.08970294,0.0,0.0
1604314800,0.05293434054263,3644.55202859,0.0,0.0
1604329200,0.05290579649336,3666.29577184,0.0,0.0
1604343600,0.05282100906989,3655.1329139,0.0,0.0
1604358000,0.05295702386915,3637.19931572,0.0,0.0
1604372400,0.05314247122498,3654.69057283,0.0,0.0
1604386800,0.05300102587902,3701.33911173,0.0,0.0
1604401200,0.05311554311089,3715.05408787,0.0,0.0
1604415600,0.05326161504163,3729.8885309,0.0,0.0
1604430000,0.05351257226786,3774.3427891,0.0,0.0
1604444400,0.05273241785116,3811.76247903,0.0,0.0
1604458800,0.05247582441892,3818.29074665,0.0,0.0
1604473200,0.05218327431575,3816.16945954,0.0,0.0
1604487600,0.05195416505046,3815.25557307,0.0,0.0
1604502000,0.05204118570171,3842.30566511,0.0,0.0
1604516400,0.05158822838757,3754.47218101,0.0,0.0
1604530800,0.0515006707068,3767.87976179,0.0,0.0
1604545200,0.05200411800997,3769.78933161,0.0,0.0
1604559600,0.05209311410195,3751.80442994,0.0,0.0
1604574000,0.05205801988598,3709.56207262,0.0,0.0
1604588400,0.05229780810715,3706.5233144,0.0,0.0
1604602800,0.05258859522009,3690.66042431,0.0,0.0
1604617200,0.05277840385874,3613.53564026,0.0,0.0
1604631600,0.05246857030146,3589.61879785,0.0,0.0
1604646000,0.05249445313535,3638.74215903,0.0,0.0
1604660400,0.05239246689898,3631.08398505,0.0,0.0
1604674800,0.05244797864791,3605.86722746,0.0,0.0
1604689200,0.05248882758694,3597.27681984,0.0,0.0
1604703600,0.05275948487063,3708.4522995,0.0,0.0
1604718000,0.05238041532272,3762.06654191,0.0,0.0
1604732400,0.05239348301135,3729.4678996,0.0,0.0
1604746800,0.05270699676468,3843.35186448,0.0,0.0
1604761200,0.05249519767664,3930.92951894,0.0,0.0
1604775600,0.05202621826717,3971.23397978,0.0,0.0
1604790000,0.05204439450551,3874.72432122,0.0,0.0
1604804400,0.05213330612568,3870.76750179,0.0,0.0
1604818800,0.0523243069994,3865.87132797,0.0,0.0
1604833200,0.05183600049859,3753.03595934,0.0,0.0
1604847600,0.05189526730415,3676.34270991,0.0,0.0
1604862000,0.05184330258106,3710.00699176,0.0,0.0
1604876400,0.05176488836186,3703.61953799,0.0,0.0
1604890800,0.05165318319365,3625.1303441,0.0,0.0
1604905200,0.05147157536667,3602.73012572,0.0,0.0
1604919600,0.05203935071448,3649.13529434,0.0,0.0
1604934000,0.05190060294384,3684.25555185,0.0,0.0
1604948400,0.05202770478835,3658.99710054,0.0,0.0
1604962800,0.05242050213967,3758.06211543,0.0,0.0
1604977200,0.05246907846903,3789.69644069,0.0,0.0
1604991600,0.05273299244744,3800.8999087,0.0,0.0
1605006000,0.0530872907493,3822.77344113,0.0,0.0
1605020400,0.05305940497972,3769.42582679,0.0,0.0
1605034800,0.05283693854528,3812.56983949,0.0,0.0
1605049200,0.05273683015909,3723.94363604,0.0,0.0
1605063600,0.05286758378483,3763.47420773,0.0,0.0
1605078000,0.05269890675349,3811.83908631,0.0,0.0
1605092400,0.05243260559429,3782.52182494,0.0,0.0
1605106800,0.05244995451662,3874.57357377,0.0,0.0
1605121200,0.05236005025198,3806.09932806,0.0,0.0
1605135600,0.05222541256331,3820.00351464,0.0,0.0
1605150000,0.05216874387636,3838.07597429,0.0,0.0
1605164400,0.05227525244931,3825.33550431,0.0,0.0
1605178800,0.05235508612675,3832.88733241,0.0,0.0
1605193200,0.05230659961366,3793.84150125,0.0,0.0
1605207600,0.05487492864703,3943.13062382,0.0,0.0
1605222000,0.05256461188714,3934.33973324,0.0,0.0
1605236400,0.05279474904017,3933.56306397,0.0,0.0
1605250800,0.0530486263636,3928.48831808,0.0,0.0
1605265200,0.05282343706611,3967.73736361,0.0,0.0
1605279600,0.05291070990454,3935.5456,0.0,0.0
1605294000,0.05314623024533,3857.01336263,0.0,0.0
1605308400,0.05363525310928,3831.15504437,0.0,0.0
1605322800,0.05308707563487,3710.27546007,0.0,0.0
1605337200,0.05279682518454,3628.84011757,0.0,0.0
1605351600,0.05252855571376,3606.60455324,0.0,0.0
1605366000,0.05266438132493,3562.39836229,0.0,0.0
1605380400,0.05318019302867,3602.93166996,0.0,0.0
1605394800,0.05287270589092,3668.65012811,0.0,0.0
1605409200,0.05283923780486,3728.39293368,0.0,0.0
1605423600,0.05278568160143,3768.73661854,0.0,0.0
1605438000,0.05279528676987,3764.08402495,0.0,0.0
1605452400,0.05405997494431,3834.99889763,0.0,0.0
1605466800,0.05262887257702,3808.78656332,0.0,0.0
1605481200,0.05245791254384,3761.70337945,0.0,0.0
1605495600,0.05278332534597,3772.9687278,0.0,0.0
1605510000,0.05228820714755,3752.07598101,0.0,0.0
1605524400,0.05277415263949,3844.3126336,0.0,0.0
1605538800,0.05237224680423,3815.18776694,0.0,0.0
1605553200,0.05264233369881,3887.56303256,0.0,0.0
1605567600,0.05274752557261,3919.24872889,0.0,0.0
1605582000,0.05272254397571,3941.32646356,0.0,0.0
1605596400,0.05335157557555,3974.92666724,0.0,0.0
1605610800,0.05296034578296,3900.54960226,0.0,0.0
1605625200,0.05341817774263,3781.34049543,0.0,0.0
1605639600,0.05316361540785,3730.18764998,0.0,0.0
1605654000,0.05289065232716,3602.70604681,0.0,0.0
1605668400,0.05317205859829,3463.23436991,0.0,0.0
1605682800,0.05272972304009,3517.10359746,0.0,0.0
1605697200,0.05295874999017,3521.87317759,0.0,0.0
1605711600,0.0531114441845,3725.7653516,0.0,0.0
1605726000,0.05328025365584,3606.55225847,0.0,0.0
1605740400,0.05362151281762,3770.61531345,0.0,0.0
1605754800,0.0533106134562,3836.88278996,0.0,0.0
1605769200,0.05339568465873,3782.68651652,0.0,0.0
1605783600,0.0533215079199,3772.27949314,0.0,0.0
1605798000,0.05335134625315,3750.4367875,0.0,0.0
1605812400,0.05319794068861,3874.0391984,0.0,0.0
1605826800,0.05319339230226,3826.46598866,0.0,0.0
1605841200,0.05317178021193,3850.29064784,0.0,0.0
1605855600,0.05363056342219,3914.95725373,0.0,0.0
1605870000,0.05361402591949,3963.73057953,0.0,0.0
1605884400,0.05367530093005,3946.15508204,0.0,0.0
1605898800,0.05333909639951,3868.67234632,0.0,0.0
1605913200,0.05360055154305,3864.99964256,0.0,0.0
1605927600,0.05345558098097,3913.84168418,0.0,0.0
1605942000,0.0535672091625,3987.45310817,0.0,0.0
1605956400,0.05348473823446,3900.89029792,0.0,0.0
1605970800,0.05354100254011,3881.95336796,0.0,0.0
1605985200,0.05345370253766,3890.29899092,0.0,0.0
1605999600,0.05371820374356,3946.4642812,0.0,0.0
1606014000,0.05358359678133,3857.59918064,0.0,0.0
1606028400,0.05340077363372,3727.6499739,0.0,0.0
1606042800,0.05304380093324,3713.38030768,0.0,0.0
1606057200,0.0537321567517,3760.71590117,0.0,0.0
1606071600,0.05345985736147,3776.4392834,0.0,0.0
1606086000,0.05329462669981,3833.65159399,0.0,0.0
1606100400,0.05320898199258,3863.68027984,0.0,0.0
1606114800,0.05312070619809,3843.78979499,0.0,0.0
1606129200,0.05410286048315,3878.48239861,0.0,0.0
1606143600,0.05311104836738,3660.70838828,0.0,0.0
1606158000,0.05310618934062,3645.80086028,0.0,0.0
1606172400,0.05349801421423,3573.06797817,0.0,0.0
1606186800,0.05356964467726,3596.91215655,0.0,0.0
1606201200,0.05376517251339,3553.38927157,0.0,0.0
1606215600,0.05341294863137,3242.78931103,0.0,0.0
1606230000,0.05365198527331,3458.13957761,0.0,0.0
1606244400,0.05566762067249,3600.23925988,0.0,0.0
1606258800,0.05523612995935,3583.45591897,0.0,0.0
1606273200,0.05508573389367,3534.54817038,0.0,0.0
1606287600,0.05525459777471,3610.34401315,0.0,0.0
1606302000,0.05564723392131,3579.28789492,0.0,0.0
1606316400,0.05563367119276,3506.99392582,0.0,0.0
1606330800,0.05572367100026,3511.44165623,0.0,0.0
1606345200,0.05566388009742,3430.6749156,0.0,0.0
1606359600,0.05542271641372,3418.50124526,0.0,0.0
1606374000,0.05511857404557,3189.03825373,0.0,0.0
1606388400,0.05720912016752,3336.72030027,0.0,0.0
1606402800,0.05715868773886,3311.12373985,0.0,0.0
1606417200,0.0631,2803.953877,0.0,0.0
1606431600,0.0631,2839.351715,0.0,0.0
1606446000,0.0631,2874.894683,0.0,0.0
1606460400,0.0631,2987.423437,0.0,0.0
1606474800,0.0631,3029.9358,0.0,0.0
1606489200,0.05720047490323,0.0,0.0,0.0
1606503600,0.05731481277069,0.0,0.0,0.0
1606518000,0.05743734796367,0.0,0.0,0.0
1606532400,0.05739840782539,0.0,0.0,0.0
1606546800,0.05740932711251,0.0,0.0,0.0
1606561200,0.05746465336742,0.0,0.0,0.0
1606575600,0.05757948425859,0.0,0.0,0.0
1606590000,0.05775216754191,0.0,0.0,0.0
1606604400,0.05770399599884,0.0,0.0,0.0
1606618800,0.05773160699325,0.0,0.0,0.0
1606633200,0.05777953917625,0.0,0.0,0.0
1606647600,0.0578814542235,0.0,0.0,0.0
1606662000,0.05787199713501,0.0,0.0,0.0
1606676400,0.05784651387652,0.0,0.0,0.0
1606690800,0.05790544962278,0.0,0.0,0.0
1606705200,0.05805673803864,0.0,0.0,0.0
1606719600,0.05808167342177,0.0,0.0,0.0
1606734000,0.05810075666003,0.0,0.0,0.0
1606748400,0.05841127460367,0.0,0.0,0.0
1606762800,0.05834629702079,0.0,0.0,0.0
1606777200,0.05853966028615,0.0,0.0,0.0
1606791600,0.05847647187212,0.0,0.0,0.0
1606806000,0.05847651143023,0.0,0.0,0.0
1606820400,0.05845869844441,0.0,0.0,0.0
1606834800,0.05839094231581,0.0,0.0,0.0
1606849200,0.05829929806442,0.0,0.0,0.0
1606863600,0.05817949604316,0.0,0.0,0.0
1606878000,0.05807988023643,0.0,0.0,0.0
1606892400,0.05826141817282,0.0,0.0,0.0
1606906800,0.05830482397206,0.0,0.0,0.0
1606921200,0.05822533963142,0.0,0.0,0.0
1606935600,0.05830506635406,0.0,0.0,0.0
1606950000,0.05835561463909,0.0,0.0,0.0
1606964400,0.05832033897926,0.0,0.0,0.0
1606978800,0.0583562497129,0.0,0.0,0.0
1606993200,0.05841808315549,0.0,0.0,0.0
1607007600,0.05845442903151,0.0,0.0,0.0
1607022000,0.05844571048139,0.0,0.0,0.0
1607036400,0.0584588598411,0.0,0.0,0.0
1607050800,0.05836703909323,0.0,0.0,0.0
1607065200,0.05839874302932,0.0,0.0,0.0
1607079600,0.05824004779281,0.0,0.0,0.0
1607094000,0.05825431438946,0.0,0.0,0.0
1607108400,0.05828041663244,0.0,0.0,0.0
1607122800,0.05815957885106,0.0,0.0,0.0
1607137200,0.05819564343216,0.0,0.0,0.0
1607151600,0.05824797268068,0.0,0.0,0.0
1607166000,0.05826740259411,0.0,0.0,0.0
1607180400,0.05830362844151,0.0,0.0,0.0
1607194800,0.05830816932855,0.0,0.0,0.0
1607209200,0.05832879206473,0.0,0.0,0.0
1607223600,0.05834632248993,0.0,0.0,0.0
1607238000,0.05836561498538,0.0,0.0,0.0
1607252400,0.0582882210237,0.0,0.0,0.0
1607266800,0.05832426450843,0.0,0.0,0.0
1607281200,0.05833211297398,0.0,0.0,0.0
1607295600,0.05841274687551,0.0,0.0,0.0
1607310000,0.05839004531323,0.0,0.0,0.0
1607324400,0.05842967872734,0.0,0.0,0.0
1607338800,0.05833784725786,0.0,0.0,0.0
1607353200,0.05836209805744,0.0,0.0,0.0
1607367600,0.05825813740344,0.0,0.0,0.0
1607382000,0.05835136553305,0.0,0.0,0.0
1607396400,0.05834429610576,0.0,0.0,0.0
1607410800,0.05833053411853,0.0,0.0,0.0
1607425200,0.05817471362394,0.0,0.0,0.0
1607439600,0.05817327174804,0.0,0.0,0.0
1607454000,0.05818234625943,0.0,0.0,0.0
1607468400,0.05797086472275,0.0,0.0,0.0
1607482800,0.05795453062108,0.0,0.0,0.0
1607497200,0.05781249104549,0.0,0.0,0.0
1607511600,0.05794924386488,0.0,0.0,0.0
1607526000,0.0579808915508,0.0,0.0,0.0
1607540400,0.05794905477699,0.0,0.0,0.0
1607554800,0.058074677669,0.0,0.0,0.0
1607569200,0.05802552521428,0.0,0.0,0.0
1607583600,0.05798188232911,0.0,0.0,0.0
1607598000,0.05792031920672,0.0,0.0,0.0
1607612400,0.05788602900712,0.0,0.0,0.0
1607626800,0.05799267983525,0.0,0.0,0.0
1607641200,0.05794288002856,0.0,0.0,0.0
1607655600,0.05782547958593,0.0,0.0,0.0
1607670000,0.05773370921512,0.0,0.0,0.0
1607684400,0.05768617896424,0.0,0.0,0.0
1607698800,0.05786932129954,0.0,0.0,0.0
1607713200,0.05781939014662,0.0,0.0,0.0
1607727600,0.05785257247331,0.0,0.0,0.0
1607742000,0.05795678818551,0.0,0.0,0.0
1607756400,0.057985553497,0.0,0.0,0.0
1607770800,0.05804481093297,0.0,0.0,0.0
1607785200,0.05800493714776,0.0,0.0,0.0
1607799600,0.05815121484607,0.0,0.0,0.0
1607814000,0.05817997307404,0.0,0.0,0.0
1607828400,0.05816906800376,0.0,0.0,0.0
1607842800,0.05836220562767,0.0,0.0,0.0
1607857200,0.05838037519328,0.0,0.0,0.0
1607871600,0.05834465959967,0.0,0.0,0.0
1607886000,0.05834502071646,0.0,0.0,0.0
1607900400,0.058326709745,0.0,0.0,0.0
1607914800,0.05836614662612,0.0,0.0,0.0
1607929200,0.05832754046825,0.0,0.0,0.0
1607943600,0.05831365424348,0.0,0.0,0.0
1607958000,0.05835027022024,0.0,0.0,0.0
1607972400,0.05834149435797,0.0,0.0,0.0
1607986800,0.05837330966071,0.0,0.0,0.0
1608001200,0.05846097019203,0.0,0.0,0.0
1608015600,0.05834793937284,0.0,0.0,0.0
1608030000,0.05839592032769,0.0,0.0,0.0
1608044400,0.05842461749792,0.0,0.0,0.0
1608058800,0.05848587254862,0.0,0.0,0.0
1608073200,0.05844918195953,0.0,0.0,0.0
1608087600,0.05840874902672,0.0,0.0,0.0
1608102000,0.05844284553818,0.0,0.0,0.0
1608116400,0.05857230791991,0.0,0.0,0.0
1608130800,0.05897651681026,0.0,0.0,0.0
1608145200,0.05902175806571,0.0,0.0,0.0
1608159600,0.05927520147061,0.0,0.0,0.0
1608174000,0.05945736889323,0.0,0.0,0.0
1608188400,0.05974123736748,0.0,0.0,0.0
1608202800,0.05990596280538,0.0,0.0,0.0
1608217200,0.06013809767529,0.0,0.0,0.0
1608231600,0.05996874197827,0.0,0.0,0.0
1608246000,0.05993509183814,0.0,0.0,0.0
1608260400,0.0599386776166,0.0,0.0,0.0
1608274800,0.06002723229942,0.0,0.0,0.0
1608289200,0.05995511027465,0.0,0.0,0.0
1608303600,0.05984125859347,0.0,0.0,0.0
1608318000,0.05990515044505,0.0,0.0,0.0
1608332400,0.06007476153198,0.0,0.0,0.0
1608346800,0.06008871408393,0.0,0.0,0.0
1608361200,0.0599673628586,0.0,0.0,0.0
1608375600,0.05998580666798,0.0,0.0,0.0
1608390000,0.06026450409356,0.0,0.0,0.0
1608404400,0.06037977607644,0.0,0.0,0.0
1608418800,0.06039635602364,0.0,0.0,0.0
1608433200,0.06016520790408,0.0,0.0,0.0
1608447600,0.06028261240321,0.0,0.0,0.0
1608462000,0.06026115902385,0.0,0.0,0.0
1608476400,0.06038056562683,0.0,0.0,0.0
1608490800,0.06043294987194,0.0,0.0,0.0
1608505200,0.0602219571547,0.0,0.0,0.0
1608519600,0.06044133739471,0.0,0.0,0.0
1608534000,0.060428107626,0.0,0.0,0.0
1608548400,0.05989449781607,0.0,0.0,0.0
1608562800,0.06003040230632,0.0,0.0,0.0
1608577200,0.05993146485119,0.0,0.0,0.0
1608591600,0.05993109041192,0.0,0.0,0.0
1608606000,0.0599601959821,0.0,0.0,0.0
1608620400,0.05986617017181,0.0,0.0,0.0
1608634800,0.06006282165255,0.0,0.0,0.0
1608649200,0.06025300952007,0.0,0.0,0.0
1608663600,0.06018711200463,0.0,0.0,0.0
1608678000,0.06035768219267,0.0,0.0,0.0
1608692400,0.06030718072435,0.0,0.0,0.0
1608706800,0.06025697712766,0.0,0.0,0.0
1608721200,0.06004235825178,0.0,0.0,0.0
1608735600,0.06023879060434,0.0,0.0,0.0
1608750000,0.06026043151925,0.0,0.0,0.0
1608764400,0.060131405477,0.0,0.0,0.0
1608778800,0.05997312958333,0.0,0.0,0.0
1608793200,0.06010301762022,0.0,0.0,0.0
1608807600,0.06011621447387,0.0,0.0,0.0
1608822000,0.06013135978017,0.0,0.0,0.0
1608836400,0.06015467634344,0.0,0.0,0.0
1608850800,0.06034827076288,0.0,0.0,0.0
1608865200,0.06023205821058,0.0,0.0,0.0
1608879600,0.06030974811863,0.0,0.0,0.0
1608894000,0.06070331288919,0.0,0.0,0.0
1608908400,0.06047366050231,0.0,0.0,0.0
1608922800,0.06064670998193,0.0,0.0,0.0
1608937200,0.06074743746451,0.0,0.0,0.0
1608951600,0.06083870151573,0.0,0.0,0.0
1608966000,0.06079194543539,0.0,0.0,0.0
1608980400,0.06082739807584,0.0,0.0,0.0
1608994800,0.06114950942923,0.0,0.0,0.0
1609009200,0.06126821413179,0.0,0.0,0.0
1609023600,0.06151855224077,0.0,0.0,0.0
1609038000,0.06157560719549,0.0,0.0,0.0
1609052400,0.06203446955859,0.0,0.0,0.0
1609066800,0.06204378987004,0.0,0.0,0.0
1609081200,0.06191909023328,0.0,0.0,0.0
1609095600,0.06180089079539,0.0,0.0,0.0
1609110000,0.06146541654301,0.0,0.0,0.0
1609124400,0.06183395520805,0.0,0.0,0.0
1609138800,0.06178525026899,0.0,0.0,0.0
1609153200,0.06168335573495,0.0,0.0,0.0
1609167600,0.06171414777239,0.0,0.0,0.0
1609182000,0.06177472749576,0.0,0.0,0.0
1609196400,0.06180718624296,0.0,0.0,0.0
1609210800,0.0615649414235,0.0,0.0,0.0
1609225200,0.06149051705393,0.0,0.0,0.0
1609239600,0.06164137281191,0.0,0.0,0.0
1609254000,0.06159625668423,0.0,0.0,0.0
1609268400,0.06170973712311,0.0,0.0,0.0
1609282800,0.06192524415648,0.0,0.0,0.0
1609297200,0.06217465746592,0.0,0.0,0.0
1609311600,0.06235921294004,0.0,0.0,0.0
1609326000,0.0620792686432,0.0,0.0,0.0
1609340400,0.06226391973394,0.0,0.0,0.0
1609354800,0.06254458401392,0.0,0.0,0.0
1609369200,0.06256155825244,0.0,0.0,0.0
1609380000,0.06250394135185,0.0,0.0,0.0
1609394400,0.06261805652846,0.0,0.0,0.0
1609408800,0.06269387545965,0.0,0.0,0.0
1609423200,0.06239185731027,0.0,0.0,0.0
1609437600,0.06256630128243,0.0,0.0,0.0
1609452000,0.06270506557847,0.0,0.0,0.0
1609466400,0.0627600167076,0.0,0.0,0.0
1609480800,0.06271661407567,0.0,0.0,0.0
1609495200,0.06277533093647,0.0,0.0,0.0
1609509600,0.06279758380502,0.0,0.0,0.0
1609524000,0.06268387588738,0.0,0.0,0.0
1609538400,0.06279098101466,0.0,0.0,0.0
1609552800,0.06282709398686,0.0,0.0,0.0
1609567200,0.06297680759401,0.0,0.0,0.0
1609581600,0.06297715338785,0.0,0.0,0.0
1609596000,0.06362500529762,0.0,0.0,0.0
1609610400,0.06441670960514,0.0,0.0,0.0
1609624800,0.06402900034151,0.0,0.0,0.0
1609639200,0.0642868156554,0.0,0.0,0.0
1609653600,0.06474787611341,0.0,0.0,0.0
1609668000,0.06475509578404,0.0,0.0,0.0
1609682400,0.0645988854618,0.0,0.0,0.0
1609696800,0.06422216315408,0.0,0.0,0.0
1609711200,0.06444897654083,0.0,0.0,0.0
1609725600,0.06452746921372,0.0,0.0,0.0
1609740000,0.06435046963265,0.0,0.0,0.0
1609754400,0.06320837546125,0.0,0.0,0.0
1609768800,0.06395241714292,0.0,0.0,0.0
1609783200,0.06361909439023,0.0,0.0,0.0
1609797600,0.06368204229332,0.0,0.0,0.0
1609812000,0.06412600889142,0.0,0.0,0.0
1609826400,0.06361055221043,0.0,0.0,0.0
1609840800,0.06368786082077,0.0,0.0,0.0
1609855200,0.06402850589506,0.0,0.0,0.0
1609869600,0.06456732759196,0.0,0.0,0.0
1609884000,0.06496578705472,0.0,0.0,0.0
1609898400,0.06481294429956,0.0,0.0,0.0
1609912800,0.06571230939739,0.0,0.0,0.0
1609927200,0.06506107959193,0.0,0.0,0.0
1609941600,0.06500218150978,0.0,0.0,0.0
1609956000,0.06536910292839,0.0,0.0,0.0
1609970400,0.06580084834348,0.0,0.0,0.0
1609984800,0.0661518380115,0.0,0.0,0.0
1609999200,0.06619839005723,0.0,0.0,0.0
1610013600,0.06618278653547,0.0,0.0,0.0
1610024400,0.06668809469091,0.0,0.0,0.0
1610038800,0.06729980109803,0.0,0.0,0.0
1610053200,0.0672944457474,0.0,0.0,0.0
1610067600,0.06685700634272,0.0,0.0,0.0
1610082000,0.06663400368187,0.0,0.0,0.0
